customerID,risk_score
7590-VHVEG,0.41802076
5575-GNVDE,0.006657418
3668-QPYBK,0.7597298
7795-CFOCW,0.012895971
9237-HQITU,0.8384357
9305-CDSKC,0.8043441
1452-KIOVK,0.3236095
6713-OKOMC,0.15642715
7892-POOKP,0.9206216
6388-TABGU,0.006226362
9763-GRSKD,0.14027862
7469-LKBCI,0.0007425673
8091-TTVAX,0.21163122
0280-XJGEX,0.63675064
5129-JLPIS,0.23908748
3655-SNQYZ,0.013528221
8191-XWSZG,0.001358467
9959-WOFKT,0.014174731
4190-MFLUW,0.6041982
4183-MYFRB,0.23954278
8779-QRDMV,0.9729003
1680-VDCWW,0.14048079
1066-JKSGK,0.38149065
3638-WEABW,0.01420203
6322-HRPFA,0.13275133
6865-JZNKO,0.22749732
6467-CHFZW,0.82946306
8665-UTDHZ,0.83987
5248-YGIJN,0.0007710988
8773-HHUOZ,0.52865934
3841-NFECX,0.033269715
4929-XIHVW,0.54624254
6827-IEAUQ,0.019686915
7310-EGVHZ,0.4369259
3413-BMNZE,0.3107912
6234-RAAPL,0.0062441435
6047-YHPVI,0.7365825
6572-ADKRS,0.12319729
5380-WJKOV,0.91303295
8168-UQWWF,0.9817669
8865-TNMNX,0.05054819
9489-DEDVP,0.011298317
9867-JCZSP,0.0069342107
4671-VJLCL,0.0047520194
4080-IIARD,0.08750473
3714-NTNFO,0.5423178
5948-UJZLF,0.27041134
7760-OYPDY,0.8243957
7639-LIAYI,0.004349385
2954-PIBKO,0.0024149145
8012-SOUDQ,0.18608701
9420-LOJKX,0.8679818
6575-SUVOI,0.08857218
7495-OOKFY,0.581432
4667-QONEA,0.015438303
1658-BYGOY,0.48331532
8769-KKTPH,0.08354269
5067-XJQFU,0.06525297
3957-SQXML,0.0019406647
5954-BDFSG,0.009088708
0434-CSFON,0.35905802
1215-FIGMP,0.06728227
0526-SXDJP,0.0035767679
0557-ASKVU,0.027654001
5698-BQJOH,0.93877417
5122-CYFXA,0.16057232
8627-ZYGSZ,0.24998951
3410-YOQBQ,0.017520979
3170-NMYVV,9.8654295e-05
7410-OIEDU,0.177415
2273-QCKXA,0.16907339
0731-EBJQB,0.002021076
1891-QRQSA,0.01318187
8028-PNXHQ,0.0008968987
5630-AHZIL,0.35018802
2673-CXQEU,0.48140207
6416-JNVRK,0.09942224
5590-ZSKRV,0.020773228
0191-ZHSKZ,0.15818305
3887-PBQAO,0.020755393
5919-TMRGD,0.98262846
8108-UXRQN,0.12087239
9191-MYQKX,0.6499145
9919-YLNNG,0.20866512
0318-ZOPWS,0.0004663955
4445-ZJNMU,0.51867914
4808-YNLEU,0.07882448
1862-QRWPE,0.002242598
2796-NNUFI,0.00030193274
3016-KSVCP,0.0027245719
4767-HZZHQ,0.08749034
2424-WVHPL,0.4490301
7233-PAHHL,0.009919714
6067-NGCEU,0.01732064
9848-JQJTX,0.006763335
8637-XJIVR,0.32002848
9803-FTJCG,0.0028025217
0278-YXOOG,0.560819
3212-KXOCR,0.01676126
4598-XLKNJ,0.83970934
6380-ARCEH,0.35430065
3679-XASPY,0.38953793
7123-WQUHX,0.035805173
5386-THSLQ,0.09311721
3192-NQECA,0.48152933
6180-YBIQI,0.018811444
6728-DKUCO,0.03824008
9750-BOOHV,0.022388915
8597-CWYHH,0.10139868
2848-YXSMW,0.0008530534
0486-HECZI,0.45728868
4549-ZDQYY,0.029558009
5712-AHQNN,0.06217468
4846-WHAFZ,0.8425507
5256-SKJGO,0.014928555
3071-VBYPO,0.20391758
9560-BBZXK,0.0011113611
5299-RULOA,0.96165323
8402-OOOHJ,0.0010737225
9445-ZUEQE,0.12632865
1091-SOZGA,0.07506259
2928-HLDBA,0.0553819
0404-SWRVG,0.8471195
6497-TILVL,0.075747445
7219-TLZHO,0.23091012
4622-YNKIJ,0.0058787386
4412-YLTKF,0.69012666
6734-PSBAW,0.00043385805
3930-ZGWVE,0.37954685
2639-UGMAZ,0.016973339
2876-GZYZC,0.76206577
6207-WIOLX,0.44585478
8587-XYZSF,0.029951692
3091-FYHKI,0.92851555
2372-HWUHI,0.80020535
7799-LGRDP,0.0027522892
7850-VWJUU,0.31673393
3774-VBNXY,0.0009433599
6217-KDYWC,0.006238131
0390-DCFDQ,0.63918394
3146-MSEGF,0.022126202
4080-OGPJL,0.63339007
1095-WGNGG,0.010130374
2636-SJDOU,0.013297385
1131-QQZEB,0.00065811985
5716-EZXZN,0.02503252
6837-BJYDQ,0.039842222
2135-RXIHG,0.8644357
6440-DKQGE,0.015058895
3466-BYAVD,0.027417276
3780-YVMFA,0.13709524
3874-EQOEP,0.8587598
1679-JRFBR,0.047170248
9073-ZZIAY,0.017570544
3077-RSNTJ,0.09220887
6551-GNYDG,0.22870544
9167-APMXZ,0.28551146
2749-CTKAJ,0.0009635676
6371-NZYEG,0.005582527
7554-NEWDD,0.0028656144
8992-VONJD,0.038163263
0867-MKZVY,0.3741782
4482-EWFMI,0.299998
4648-YPBTM,0.0042405464
2907-ILJBN,0.02899575
6345-FZOQH,0.0005618832
3376-BMGFE,0.9260518
5997-OPVFA,0.00058400887
3445-HXXGF,0.8020254
1159-WFSGR,0.048883963
7654-YWJUF,0.035994355
1875-QIVME,0.93108875
6727-IOTLZ,0.0005853436
0691-JVSYA,0.38472492
5918-VUKWP,0.06583976
1744-JHKYS,0.05809384
2656-FMOKZ,0.91564906
2070-FNEXE,0.67777133
5947-SGKCL,0.19030458
3712-PKXZA,0.03539133
6317-YPKDH,0.39403242
6582-OIVSP,0.5071755
9367-WXLCH,0.64694446
5524-KHNJP,0.05038114
1918-ZBFQJ,0.7882572
1024-GUALD,0.4862286
4827-USJHP,0.044752944
8167-GJLRN,0.25563735
0956-SYCWG,0.01050168
8017-UVSZU,0.052381776
7100-FQPRV,0.0699353
2472-OVKUP,0.80017287
2984-RGEYA,0.0025124385
9680-NIAUV,0.0028454901
2146-EGVDT,0.0077428655
2604-IJPDU,0.19853641
9178-JHUVJ,0.005895105
6168-YBYNP,0.18991265
7255-SSFBC,0.007399413
3645-DEYGF,0.089333594
9323-HGFWY,0.13205615
8544-GOQSH,0.107961245
3363-DTIVD,0.013775819
7018-WBJNK,0.12654363
9142-KZXOP,0.14468975
7674-YTAFD,0.089854114
6348-SNFUS,0.0027906639
1285-OKIPP,0.96016026
7825-ECJRF,0.85492015
1347-KTTTA,0.043797936
7841-TZDMQ,0.58946013
4195-NZGTA,0.5965095
7157-SMCFK,0.045986865
4709-LKHYG,0.0007596883
2504-DSHIH,0.13714845
0699-NDKJM,0.06329214
9286-BHDQG,0.017166698
0230-WEQUW,0.004460642
2040-LDIWQ,0.0068893894
6496-JDSSB,0.4623222
9408-SSNVZ,0.5587104
4443-EMBNA,0.0014414343
6469-MRVET,0.13168429
0742-MOABM,0.48367843
5961-VUSRV,0.01515959
6778-JFCMK,0.025973434
6341-JVQGF,0.041105274
2232-DMLXU,0.46876118
4811-JBUVU,0.22163288
0945-TSONX,0.0066729183
2651-ZCBXV,0.21104825
3316-UWXUY,0.019819496
8937-RDTHP,0.71768814
7083-MIOPC,0.0002060691
1984-GPTEH,0.111614615
1251-KRREG,0.94096935
0621-JFHOL,0.017560126
9903-LYSAB,0.6645808
0094-OIFMO,0.9878373
9227-UAQFT,0.0013707725
7301-ABVAD,0.0030322399
6614-FHDBO,0.016896963
7576-ASEJU,0.09489876
9058-HRZSV,0.09445266
4522-AKYLR,0.10816899
0221-WMXNQ,0.2463907
0303-UNCIP,0.15988265
9947-OTFQU,0.9199891
0322-YINQP,0.46276787
0959-WHOKV,0.053239077
4075-JFPGR,0.0065547503
4629-NRXKX,0.8686003
9514-JDSKI,0.86833394
3282-ZISZV,0.040360976
3675-YDUPJ,0.11098535
4111-BNXIF,0.0041429177
7017-VFHAY,0.011529351
6655-LHBYW,0.09677628
4959-JOSRX,0.7359326
5046-NUHWD,0.095183976
7273-TEFQD,0.90661395
3606-TWKGI,0.85986805
7529-ZDFXI,0.35604054
7605-BDWDC,0.010813413
1950-KSVVJ,0.0722402
0123-CRBRT,0.00071798323
6292-TOSSS,0.007982125
3197-ARFOY,0.40205386
6323-AYBRX,0.71120185
7014-ZZXAW,0.00076729426
4385-GZQXV,0.78905064
7633-MVPUY,0.009153914
6366-ZGQGL,0.55556506
4716-HHKQH,0.11959506
5940-AHUHD,0.70654833
6432-TWQLB,0.86120176
4484-GLZOU,0.20583764
3179-GBRWV,0.09099036
8645-KWHJO,0.22580129
4130-MZLCC,0.280068
0314-TKOSI,0.07567248
8229-MYEJZ,0.030490767
2080-SRCDE,0.06689071
9577-WJVCQ,0.0044989157
9512-UIBFX,0.6280147
6202-DYYFX,0.08332697
3808-HFKDE,0.10035648
5583-SXDAG,0.7134418
3488-PGMQJ,0.55484676
3580-REOAC,0.4903482
7534-BFESC,0.79256517
3727-OWVYD,0.0123871965
2294-SALNE,0.01279559
4847-TAJYI,0.34305665
1563-IWQEX,0.1264121
8203-XJZRC,0.19380307
6556-DBKZF,0.039537378
6851-WEFYX,0.35026246
2985-JUUBZ,0.15571041
6390-DSAZX,0.9035851
0895-LMRSF,0.058137223
8098-LLAZX,0.8170845
8266-VBFQL,0.193673
8181-YHCMF,0.0014953654
2240-HSJQD,0.20609133
1248-DYXUB,0.0017267393
0265-EDXBD,0.7653756
4115-BNPJY,0.0008547006
3167-SNQPL,0.5741845
4091-TVOCN,0.05269801
1098-TDVUQ,0.06342623
7277-OZCGZ,0.3942581
1557-EMYVT,0.053015243
2799-ARNLO,0.20230393
7563-BIUPC,0.7323874
5027-YOCXN,0.08979546
3973-SKMLN,0.00020232728
2321-OMBXY,0.10161151
2840-XANRC,0.49290776
6745-JEFZB,0.15421367
5020-ZSTTY,0.5442374
9880-TDQAC,0.016656447
8705-WZCYL,0.54340035
7102-JJVTX,0.03698517
8626-PTQGE,0.0024980297
4983-CLMLV,0.106603324
5701-YVSVF,0.15971404
5804-LEPIM,0.41844562
5697-GOMBF,0.07012805
2739-CACDQ,0.4691025
9385-EHGDO,0.012609759
9498-FIMXL,0.033238128
2379-GYFLQ,0.14277035
0122-OAHPZ,0.8217656
2868-SNELZ,0.6677328
4322-RCYMT,0.005608345
6680-NENYN,0.6091478
2088-IEBAU,0.009752079
7982-VCELR,0.26407912
1343-EHPYB,0.60861534
6035-BXTTY,0.046132714
6885-PKOAM,0.0015012209
7520-HQWJU,0.01670381
9639-BUJXT,0.022745421
5924-SNGKP,0.00012411417
0021-IKXGC,0.4764751
2034-GDRCN,0.830154
8966-SNIZF,0.0011614724
6243-OZGFH,0.19271567
4654-DLAMQ,0.047343746
0513-RBGPE,0.011400172
5160-UXJED,0.07068065
4115-NZRKS,0.438427
0219-YTZUE,0.91756576
0623-IIHUG,0.7357885
4572-DVCGN,0.73652124
3351-NGXYI,0.26967785
8984-EYLLL,0.032970414
9057-MSWCO,0.6470098
9833-TGFHX,0.070857726
9294-TDIPC,0.003186866
5229-DTFYB,0.0091018025
0104-PPXDV,0.043668006
5176-LMJXE,0.0013542405
3583-KRKMD,0.06327187
1010-DIAUQ,0.65984976
9069-LGEUL,0.15609688
7302-ZHMHP,0.09058178
9571-EDEBV,0.009727626
3520-FJGCV,0.005316364
6563-VRERX,0.001609666
0259-GBZSH,0.8972864
6122-EFVKN,0.0008075706
2805-EDJPQ,0.011146174
6862-CQUMB,0.48707148
7156-MXBJE,0.05123183
6158-HDPXZ,0.5124592
9601-BRXPO,0.8696253
2863-IMQDR,0.003614476
5686-CMAWK,0.063402355
5651-CRHKQ,0.04475582
6905-NIQIN,0.766242
8204-YJCLA,0.015589069
5167-ZFFMM,0.97559935
6583-SZVGP,0.1246196
4895-TMWIR,0.5208515
0533-BNWKF,0.5320302
1708-PBBOA,0.046508353
8782-LKFPK,0.14267844
5522-JBWMO,0.6083163
3597-MVHJT,0.42571402
9774-NRNAU,0.08360338
0224-RLWWD,0.31400135
9967-ATRFS,0.00854358
3951-NJCVI,0.2972932
2977-CEBSX,0.0065006623
0177-PXBAT,0.054335784
6599-CEBNN,0.6325631
2519-ERQOJ,0.12216715
5876-QMYLD,0.0027393522
2277-AXSDC,0.028025452
9442-JTWDL,0.0150439
0979-PHULV,0.89414394
3067-SVMTC,0.004828219
5495-GPSRW,0.00020049271
7606-BPHHN,0.00020605593
4742-DRORA,0.029429149
0111-KLBQG,0.17961676
4800-VHZKI,0.61138344
7989-CHGTL,0.71677154
0334-GDDSO,0.86538535
4163-NCJAK,0.023562718
5233-AOZUF,0.5975868
5973-EJGDP,0.16082747
1996-DBMUS,0.15650514
7916-VCCPB,0.24473405
4686-GEFRM,0.0058191097
5249-QYHEX,0.0034996765
0578-SKVMF,0.32042858
5564-NEMQO,0.9501637
2233-FAGXV,0.123954765
5605-IYGFG,0.5911816
7663-ZTEGJ,0.029029286
3935-TBRZZ,0.015446248
8111-BKVDS,0.09709783
2055-SIFSS,0.03835345
2806-MLNTI,0.20663835
8734-DKSTZ,0.6919547
4360-PNRQB,0.18697086
6152-ONASV,0.0045139045
9063-ZGTUY,0.7070015
7781-HVGMK,0.00944011
2181-UAESM,0.43614787
2957-LOLHO,0.37912175
6048-NJXHX,0.00018664316
2320-SLKMB,0.017704494
4980-URKXC,0.006119245
4376-KFVRS,0.005868159
5886-VLQVU,0.1249067
3577-AMVUX,0.31912977
0771-WLCLA,0.18896618
5628-RKIFK,0.45076948
0206-TBWLC,0.049240492
2937-FTHUR,0.17024076
1910-FMXJM,0.3560519
7752-XUSCI,0.5793495
4110-PFEUZ,0.9006092
0732-OCQOC,0.003253147
5168-MSWXT,0.70521575
1090-ESELR,0.0025791347
8592-PLTMQ,0.002592736
5760-WRAHC,0.32772875
8847-GEOOQ,0.082888275
0256-LTHVJ,0.453184
4785-FCIFB,0.0028788995
8313-NDOIA,0.70898414
5149-CUZUJ,0.013408352
0942-KOWSM,0.0061978432
4237-CLSMM,0.042920243
1452-VOQCH,0.96672755
4719-UMSIY,0.0029604984
6614-VBEGU,0.067854896
0880-TKATG,0.7486695
3811-VBYBZ,0.81964695
1480-BKXGA,0.017815366
2996-XAUVF,0.028713062
9076-AXYIK,0.023030687
5968-XQIVE,0.04739302
8896-RAZCR,5.2062118e-05
4640-UHDOS,0.64447886
4933-IKULF,0.010069356
3583-EKAPL,0.5199169
1304-BCCFO,0.10983016
4104-PVRPS,0.047005847
9399-APLBT,0.8666881
2359-KMGLI,0.29109636
3780-DDGSE,0.054171346
4431-EDMIQ,0.08093196
0306-JAELE,0.8457005
6227-HWPWX,0.8373832
0486-LGCCH,0.0022426385
0447-BEMNG,0.44165576
4612-SSVHJ,0.3159532
5168-MQQCA,0.1608345
5949-XIKAE,0.7715418
7971-HLVXI,0.0075045694
9094-AZPHK,0.63611764
3649-JPUGY,0.0014368738
4472-LVYGI,0.037392087
8372-JUXUI,0.9402746
3552-CTCYF,0.052646093
6778-YSNIH,0.25283974
0388-EOPEX,0.46560764
5756-OZRIO,0.0061906544
6579-JPICP,0.15639643
8205-OTCHB,0.006022671
4134-BSXLX,0.01794902
0505-SPOOW,0.0023346206
6235-VDHOM,0.5390603
7783-YKGDV,0.8647512
4374-YMUSQ,0.046875212
4513-CXYIX,0.007272101
3957-HHLMR,0.008418035
7803-XOCCZ,0.019219166
5736-YEJAX,0.05208915
5609-CEBID,0.60822374
8981-FJGLA,0.13208899
7218-HKQFK,0.79306084
4636-QRJKY,0.71384645
1135-LMECX,0.32486024
4332-MUOEZ,0.122463316
8535-SFUTN,0.24762978
5956-VKDTT,0.7069438
8677-HDZEE,0.12787704
2475-MROZF,0.051141407
9412-GHEEC,0.71666944
3482-ABPKK,0.005568998
6705-LXORM,0.36649948
0257-ZESQC,0.43687546
7531-GQHME,0.044869367
5174-ITUMV,0.20046772
4109-CYRBD,0.11132246
0913-XWSCN,0.2938177
6825-UYPFK,0.3541476
8397-MVTAZ,0.6375194
0750-EBAIU,0.04239074
8606-CIQUL,0.006927279
3571-DPYUH,0.04940204
7601-GNDYK,0.0014420919
0356-OBMAC,0.046890028
8067-NIOYM,0.00252681
1403-GYAFU,0.00038222104
4234-XTNEA,0.67774695
1297-VQDRP,0.05780225
9282-IZGQK,0.9052246
5348-CAGXB,0.22623582
0621-HJWXJ,0.035582334
5844-QVTAT,0.010482026
8905-IAZPF,0.08986796
5394-MEITZ,0.006948377
6859-QNXIQ,0.002445153
2782-LFZVW,0.33736044
2866-IKBTM,0.21315776
1342-JPNKI,0.8213781
2817-NTQDO,0.5305798
7129-AZJDE,0.14359213
6986-IJDHX,0.091203146
2560-PPCHE,0.08405199
4676-MQUEA,0.06733946
8138-EALND,0.050479624
3580-HYCSP,0.003367347
1352-HNSAW,0.002445153
2075-PUEPR,0.029497027
1982-FEBTD,0.004692514
5301-GAUUY,0.41152936
5791-KAJFD,0.029228134
2654-VBVPB,0.27037838
1154-HYWWO,0.03547263
2501-XWWTZ,0.2701958
3716-UVSPD,0.16658185
6815-ABQFQ,0.32120842
7343-EOBEU,0.042599633
3701-SFMUH,0.16803685
6103-LIANB,0.03609201
7319-VENRZ,0.058998507
5846-NEQVZ,0.0019914974
6967-QIQRV,0.16440299
5781-RFZRP,0.007847479
0939-YAPAF,0.64222705
0308-IVGOK,0.026024057
7293-LSCDV,0.0069836904
7025-WCBNE,0.053520504
5756-JYOJT,0.049501203
4710-FDUIZ,0.5166485
6030-REHUX,0.31594056
9548-LIGTA,0.0031209413
5150-LJNSR,0.0447808
8270-RKSAP,0.26826435
6522-YRBXD,0.082840666
2640-LYMOV,0.052118037
1218-VKFPE,0.67314506
3627-FHKBK,0.7320742
2865-TCHJW,0.9118393
1423-BMPBQ,0.46701336
2393-DIVAI,0.04513261
5192-EBGOV,0.964954
4568-KNYWR,0.0009153547
8752-IMQOS,0.0014826129
0742-LAFQK,0.004851792
0795-LAFGP,0.00089386967
0619-OLYUR,0.0038006068
5512-IDZEI,0.016842537
0459-SPZHJ,0.009735745
0215-BQKGS,0.15897955
9244-ZVAPM,0.6405488
0719-SYFRB,0.6841141
8208-EUMTE,0.0042069135
5172-MIGPM,0.13617504
1710-RCXUS,0.046646923
0374-FIUCA,0.00056051015
5839-SUYVZ,0.12819862
5173-ZXXXL,0.0013838084
1096-ADRUX,0.08858528
2001-MCUUW,0.03175797
2731-GJRDG,0.07968204
4723-BEGSG,0.0023863737
6516-NKQBO,0.017128373
8672-OAUPW,0.024671424
8207-DMRVL,0.0028342204
3419-SNJJD,0.4975687
6543-CPZMK,0.6240007
4765-OXPPD,0.05821277
2804-ETQDK,0.00071715855
6689-VRRTK,0.24566849
7138-GIRSH,0.0015426178
9396-ZSFLL,0.09721905
6464-KEXXH,0.17110252
7134-MJPDY,0.16498762
5240-CAOYT,0.01675617
4059-IIEBK,0.5036652
4881-JVQOD,0.111586764
0516-UXRMT,0.008404906
4851-BQDNX,0.051174913
5148-HKFIR,0.00042705805
1009-IRMNA,0.6146462
3003-CMDUU,0.18152225
5016-IBERQ,0.16050309
6797-UCJHZ,0.19545577
2469-DTSGX,0.0051054875
4554-YGZIH,0.79635376
5099-BAILX,0.8677749
9931-KGHOA,0.052846696
1775-KWJKQ,0.0009266121
7665-VIGUD,0.010452299
9411-TPQQV,0.033235073
7207-RMRDB,0.3056849
7954-MLBUN,0.025514618
2077-DDHJK,0.022321608
4913-EHYUI,0.6619609
0195-IESCP,0.95074815
9574-BOSMD,0.00059410895
4580-TMHJU,0.1053396
0970-ETWGE,0.8423701
4908-XAXAY,0.017189343
8404-VLQFB,0.12915172
1626-ERCMM,0.7006377
0887-HJGAR,0.69526875
2391-IPLOP,0.1134767
5644-PDMZC,0.8592158
3509-GWQGF,0.07850331
9576-ANLXO,0.85720694
2024-BASKD,0.93928504
5845-BZZIB,0.0016780404
1140-UKVZG,0.028112024
4160-AMJTL,0.5914375
5183-SNMJQ,0.3203251
8100-PNJMH,0.012701009
7838-LAZFO,0.02635479
4464-JCOLN,0.013005675
2085-JVGAD,0.027157288
5650-VDUDS,0.76050556
8095-WANWK,0.16400327
3030-ZKIWL,0.2585894
9565-FLVCG,0.0010623463
8755-OGKNA,0.005491079
2800-VEQXM,0.3929346
7538-GWHML,0.69896257
5533-RJFTJ,0.18721801
3859-CVCET,0.52325404
0214-JHPFW,0.0035336288
5642-MHDQT,0.17252238
3088-FVYWK,0.041061506
3276-HDUEG,0.9799488
9092-GDZKO,0.011020813
0823-HSCDJ,0.5862654
3729-OWRVL,0.078121096
2324-AALNO,0.011264581
0822-GAVAP,0.8878575
5760-IFJOZ,0.37628597
2826-UWHIS,0.14487903
1448-PWKYE,0.942386
7501-IWUNG,0.006705311
4957-TREIR,0.38407302
7251-LJBQN,0.11711131
8040-MNRTF,0.7175917
1536-HBSWP,0.12423689
5313-FPXWG,0.006883683
0067-DKWBL,0.9489504
0946-FKYTX,0.08033825
5076-YVXCM,0.5244126
8262-COGGB,0.29892322
6663-JOCQO,0.041499395
9620-QJREV,0.015644567
2276-YDAVZ,0.8960965
2682-KEVRP,0.0020110558
2480-JZOSN,0.32502276
0078-XZMHT,0.0035437795
5896-NPFWW,0.90420246
9978-HYCIN,0.10871226
8338-QIUNR,0.005422338
1525-LNLOJ,0.0019754036
9450-TRJUU,0.27804467
1766-GKNMI,0.6373674
6942-LBFDP,0.22469051
1456-TWCGB,0.30746672
7133-VBDCG,0.14715143
7596-ZYWBB,0.0093868375
8329-UTMVM,0.414355
3014-WJKSM,0.12514058
3347-YJZZE,0.013729427
1029-QFBEN,0.38335726
7929-DMBCV,0.07585917
9661-JALZV,0.008784609
5433-KYGHE,0.16669187
4312-KFRXN,0.0011035101
5575-TPIZQ,0.12487995
0114-IGABW,0.007389477
9944-AEXBM,0.40553996
1853-ARAAQ,0.08266002
6952-OMNWB,0.2021109
4697-LUPSU,0.013211534
8434-VGEQQ,0.0033992815
4952-YSOGZ,0.9176128
1589-AGTLK,0.5953223
5244-IRFIH,0.7926483
6549-YMFAW,0.15709236
4950-HKQTE,0.0019879746
6786-OBWQR,0.5811044
2684-EIWEO,0.4330626
2753-JMMCV,0.036854096
6439-GTPCA,0.5007215
6621-YOBKI,0.03152749
1216-JWVUX,0.19485079
7564-GHCVB,0.004202525
1173-NOEYG,0.17364305
7595-EHCDL,0.09192485
6647-ZEDXT,0.117286645
2521-NPUZR,0.0041579357
1307-TVUFB,0.061532497
7503-MIOGA,0.001678805
4381-MHQDC,0.023546837
6923-JHPMP,0.21799265
5138-WVKYJ,0.25275016
4018-PPNDW,0.0016495389
1635-FJFCC,0.16444106
2499-AJYUA,0.011892112
6919-ELBGL,0.0051947865
3966-HRMZA,0.36559054
6425-JWTDV,0.0002285762
8405-IGQFX,0.0076774363
8224-IVVPA,0.049693562
9477-LGWQI,0.010051107
1410-RSCMR,0.17035304
3115-CZMZD,0.00039965156
0139-IVFJG,0.23779504
6683-VLCTZ,0.8300819
5730-DBDSI,0.001038174
0030-FNXPP,0.17011628
2189-WWOEW,0.7089296
5684-FJVYR,0.0042266236
4013-GUXND,0.15639861
1894-IGFSG,0.68481165
7379-POKDZ,0.3854819
1266-NZYUI,0.011169859
7969-FFOWG,0.0011018147
4718-DHSMV,0.30129528
5175-WLYXL,0.19963504
7817-OMJNA,0.018839855
8728-SKJLR,0.38509357
3137-NYQQI,0.042737782
7706-DZNKK,0.026473368
0236-HFWSV,0.53438896
3900-AQPHZ,0.40619275
5842-POCOP,0.47839016
2037-XJFUP,0.28679952
8823-RLPWL,0.0012864543
9505-SQFSW,0.045727972
7314-OXENN,0.7834208
3758-CKOQL,0.055160217
0322-CHQRU,0.78054124
5676-CFLYY,0.0044384613
7521-AFHAB,0.20067203
0285-INHLN,0.32498
4678-DVQEO,0.846558
5125-CNDSP,0.007981181
0691-IFBQW,0.6950593
4992-LTJNE,0.003677761
2202-OUTMO,0.08523041
0810-BDHAW,0.027620837
0229-LFJAF,0.0006488471
7131-ZQZNK,0.0033795729
3442-ZHHCC,0.04651036
5726-CVNYA,0.02432074
9871-ELEYA,0.010805026
4257-GAESD,0.30659407
5173-WXOQV,0.16142382
2040-OBMLJ,0.08574311
6286-ZHAOK,0.082431234
3807-XHCJH,0.20368882
3009-JWMPU,0.58838654
5671-RQRLP,0.013090754
1450-GALXR,0.9920368
8859-AXJZP,0.0013158984
3174-AKMAS,0.013962371
3138-BKYAV,0.6954745
9926-PJHDQ,0.01239006
7382-DFJTU,0.14706029
2798-NYLMZ,0.26189542
4289-DTDKW,0.7946979
1820-TQVEV,0.94121695
2239-JALAW,0.64772236
4853-RULSV,0.6218134
8098-TDCBU,0.008558775
3551-GAEGL,0.005995915
4785-NKHCX,0.023882166
3196-NVXLZ,0.27248216
6275-YDUVO,0.6464899
0036-IHMOT,0.07288313
0115-TFERT,0.3992785
4178-EGMON,0.008388065
4220-TINQT,0.28029114
5318-YKDPV,0.003967183
7975-TZMLR,0.3320478
0295-QVKPB,0.27530062
4335-BSMJS,0.0016939024
2311-QYMUQ,0.68968755
3643-AHCFP,0.76884395
9146-JRIOX,0.03651405
3104-OWCGK,0.6409317
5337-IIWKZ,0.038824152
9101-BWFSS,0.15368722
9650-VBUOG,0.002597768
3487-EARAT,0.030066451
2672-TGEFF,0.07135483
9231-ZJYAM,0.73325914
4250-WAROZ,0.018222798
8184-WMOFI,0.013665162
6982-SSHFK,0.5631106
6092-QZVPP,0.21720962
4625-LAMOB,0.00021043392
0727-BMPLR,0.55890733
0392-BZIUW,0.020368015
1038-ZAGBI,0.67959666
6549-NNDYT,0.32596236
3027-ZTDHO,0.85449517
0422-OHQHQ,0.008043746
6916-HIJSE,0.0065616346
2316-ESMLS,0.02344413
9778-OGKQZ,0.000699005
7408-OFWXJ,0.003466015
6007-TCTST,0.0036806662
2252-NKNSI,0.014179563
8713-IGZSO,0.08997623
7905-TVXTA,0.13671297
7695-PKLCZ,0.00071563874
2382-BCKQJ,0.8743832
8374-UULRV,0.0014982105
2207-NHRJK,0.8321484
3224-DFQNQ,0.017935058
5275-PMFUT,0.0035574567
4795-UXVCJ,0.0030799548
9777-IQHWP,0.047695182
0947-MUGVO,0.7715124
9944-HKVVB,0.8924748
4124-MMETB,0.7651718
3671-SHRSP,0.62534857
0979-MOZQI,0.01158031
2732-ISEZX,0.10230764
3313-QKNKB,0.59237474
0323-XWWTN,0.0020659114
1937-OTUKY,0.006230205
1573-LGXBA,0.07126399
1764-VUUMT,0.000592882
5073-WXOYN,0.54047954
4713-ZBURT,0.0091787595
3050-GBUSH,0.3790899
0207-MDKNV,0.45062172
7876-AEHIG,0.018218989
7945-HLKEA,0.017649794
9342-VNIMQ,0.04642568
9851-KIELU,0.90912527
3523-BRGUW,0.0016746352
3908-BLSYF,0.50754356
3199-NPKCN,0.11823354
5170-PTRKA,0.006796588
4661-NJEUX,0.41150707
2123-AGEEN,0.6354444
1258-YMZNM,0.06981358
0048-LUMLS,0.07283774
7549-MYGPK,0.6153191
5898-IGSLP,0.06298545
3804-RVTGV,0.5190348
6259-WJQLC,0.26193956
9227-LUNBG,0.36291614
7997-EASSD,0.00566918
0730-KOAVE,0.32944062
8975-SKGRX,0.03129007
0678-RLHVP,0.037348628
4315-MURBD,0.9925808
2267-FPIMA,0.10639895
1051-GEJLJ,0.18673977
9734-YWGEX,0.94039214
2719-BDAQO,0.42840472
5285-MVEHD,0.46770912
0379-DJQHR,0.031618174
0781-LKXBR,0.9031748
5543-QDCRY,0.1868099
0297-RBCSG,0.047018625
4694-PHWFW,0.09154628
0835-JKADZ,0.008740904
1907-UBQFC,0.56486756
7508-SMHXL,0.16778393
3865-YIOTT,0.044012196
5993-BQHEA,0.007207168
6024-RUGGH,0.00055673777
6513-EECDB,0.9137272
3956-CJUST,0.14770493
4079-WWQQQ,0.0032826802
6103-BOCOU,0.40425122
5149-TGWDZ,0.4511256
7471-WNSUF,0.006602495
8942-DBMHZ,0.018350502
4301-VVZKA,0.4647004
9199-PWQVC,0.022955805
4824-GUCBY,0.21114716
5393-HJZSM,0.07592752
7074-IEVOJ,0.9371029
9625-QSTYE,0.7517573
0862-PRCBS,0.018530002
8812-ZRHFP,0.11722124
5146-CBVOE,0.12672947
0454-OKRCT,0.006159618
5787-KXGIY,0.0012135278
4750-ZRXIU,0.8800166
4198-VFOEA,0.023182206
6630-UJZMY,0.92722046
5709-LVOEQ,0.0014161053
6400-BWQKW,0.7132465
2692-AQCPF,0.056136668
0347-UBKUZ,0.043069746
0835-DUUIQ,0.018275991
0811-GSDTP,0.14337571
7567-ECMCM,0.19304644
6115-ZTBFQ,0.001042971
6353-BRMMA,0.2758597
6680-WKXRZ,0.9086949
6231-WFGFH,0.13722123
9904-EHEVJ,0.1931568
7028-DVOIQ,0.61607075
6169-PPETC,0.0013397953
4208-UFFGW,0.7774073
8584-KMVXD,0.2062168
8467-WYNSR,0.13242657
0851-DFJKB,0.19321577
5382-SOYZL,0.66516834
9448-REEVD,0.6431888
3261-CQXOL,0.0007150178
8388-FYNPZ,0.105027795
4002-BQWPQ,0.018129546
5651-YLPRD,0.34604836
2826-DXLQO,0.20683551
4378-BZYFP,0.0023600827
9489-UTFKA,0.049097653
4849-PYRLQ,0.0026972163
9117-SHLZX,0.69526875
9889-TMAHG,0.44041762
4541-RMRLG,0.62758327
7764-BDPEE,0.04572942
3429-IFLEM,0.0049951035
3158-MOERK,0.93250036
7294-TMAOP,0.9712815
5002-GCQFH,0.49166298
0556-FJEGU,0.0018475526
8919-FYFQZ,0.80574495
0604-THJFP,0.004176552
2834-JRTUA,0.4678316
5875-YPQFJ,0.87005234
5879-SESNB,0.31017256
6646-QVXLR,0.6044242
6461-PPAXN,0.038784113
3318-ISQFQ,0.046444852
1106-HRLKZ,0.00028578102
2483-XSSMZ,0.08375837
8603-IJWDN,0.9639763
8165-ZJRNM,0.0004647769
9369-XFEHK,0.5147036
2604-XVDAM,0.058484137
3717-OFRTN,0.3456205
9046-JBFWA,0.0060470207
3280-NMUVX,0.0022407605
1206-EHBDD,0.081973165
8361-LBRDI,0.008942442
4883-KCPZJ,0.003040683
9108-EQPNQ,0.0023290573
7277-KAMWT,0.00041477213
3842-IYKUE,0.36230624
6641-XRPSU,0.54280126
1374-DMZUI,0.9174196
2545-LXYVJ,0.00025378083
3234-VKACU,0.2340597
8357-EQXFO,0.86883533
1989-PRJHP,0.4498437
8120-JDCAM,0.2634581
8917-FAEMR,0.00088745897
7047-YXDMZ,0.0030320685
2858-EIMXH,0.5887868
9524-EGPJC,0.48590824
6993-OHLXR,0.5506284
8818-XYFCQ,0.89957714
6419-ZTTLE,0.0032565054
0929-HYQEW,0.28293416
6614-YOLAC,0.0009306198
7426-RHZGU,0.23982716
4065-JJAVA,0.06376317
4695-VADHF,0.47226337
3863-IUBJR,0.59300613
7649-SIJJF,0.00072682754
9361-YNQWJ,0.003121127
3748-FVMZZ,0.35220787
9391-TTOYH,0.008749486
1452-XRSJV,0.07993257
3422-WJOYD,0.0039925855
8242-SOQUO,0.5428473
7460-ITWWP,0.1854783
7147-AYBAA,0.26574022
7868-TMWMZ,0.0136764655
4822-RVYBB,0.88106763
6732-FZUGP,0.030584779
8436-BJUMM,0.60424
4184-TJFAN,0.81795126
8329-GWVPJ,0.1771995
1352-VHKAJ,0.072445214
4145-UQXUQ,0.8197071
2632-TACXW,0.0011358362
8146-QQKZH,0.0021237019
1767-CJKBA,0.0031645799
6445-TNRXS,0.31719303
4581-LNWUM,0.22580323
4869-EPIUS,0.21050677
9948-YPTDG,0.59935313
1236-WFCDV,0.83150566
1915-OAKWD,0.07762792
7296-PIXQY,0.09661428
4883-QICIH,0.6413569
3354-OADJP,0.01708338
3524-WQDSG,0.3515371
0810-DHDBD,0.025110487
4026-SKKHW,0.1720587
2829-HYVZP,0.0007962977
8329-IBCTI,0.23175065
1271-SJBGZ,0.6619726
3845-JHAMY,0.2053495
7013-PSXHK,0.11621006
5669-SRAIP,0.66384476
5981-ITEMU,0.5721787
3486-NPGST,0.0028998386
6941-PMGEP,0.7963826
1624-WOIWJ,0.5913706
2074-GKOWZ,0.91903764
0376-YMCJC,0.5586136
6100-FJZDG,0.0024929992
4829-ZLJTK,0.0018852215
1730-VFMWO,0.09793124
7143-BQIBA,0.19548789
3800-LYTRK,0.027313221
0634-SZPQA,0.7542571
9646-NMHXE,0.00031152778
7030-NJVDP,0.040130682
5536-RTPWK,0.65970165
8883-GRDWQ,0.030339139
6166-ILMNY,0.93837875
3097-NNSPB,0.7193705
7771-ZONAT,0.006636487
0655-RBDUG,0.8873101
2111-DWYHN,0.25847572
4194-WHFCB,0.034760192
4121-AGSIN,0.010498964
4361-BKAXE,0.84626496
9845-PEEKO,0.06670097
0455-XFASS,0.40380034
0301-KOBTQ,0.00083464594
1751-NCDLI,0.46728757
4367-NUYAO,0.0017712024
9878-TNQGW,0.78533244
9170-ARBTB,0.0043458594
4441-NIHPT,0.8839978
8999-BOHSE,0.9288933
7241-AJHFS,0.11396114
7029-RPUAV,0.6340874
4546-FOKWR,0.3109435
9036-CSKBW,0.03782186
5832-TRLPB,0.014540033
8590-YFFQO,0.022235882
8659-IOOPU,0.0056410125
1338-CECEE,0.020728178
7439-DKZTW,0.8287445
4646-QZXTF,0.2098851
4607-CHPCA,0.23440737
9742-XOKTS,0.059208773
6921-OZMFH,0.19132252
9578-FOMUK,0.07070476
4712-UYOOI,0.026818682
8824-RWFXJ,0.15862289
7722-CVFXN,0.10246841
8717-VCTXJ,0.0010966867
7363-QTBIW,0.8629188
4159-NAAIX,0.007733408
0971-QIFJK,0.00046118035
9397-TZSHA,0.0013364078
3391-JSQEW,0.019655384
0343-QLUZP,0.0068746135
9763-PDTKK,0.9110627
2176-LVPNX,0.002249119
7627-JKIAZ,0.80898887
3312-UUMZW,0.1952023
1271-UODNO,0.10400305
8461-EFQYM,0.0056309616
6900-RBKER,0.015989194
6891-JPYFF,0.12423298
1459-QNFQT,0.0025539512
1047-NNCBF,0.23671769
3696-XRIEN,0.03247455
4081-DYXAV,0.038539257
0074-HDKDG,0.030070255
8791-GFXLZ,0.10605762
8111-SLLHI,0.8975058
0927-LCSMG,0.545763
9330-DHBFL,0.056841515
0098-BOWSO,0.09567621
3452-ABWRL,0.25966308
5859-HZYLF,0.0012685782
8257-RZAHR,0.5261223
5293-WXJAK,0.9816912
3156-QLHBO,0.0069466364
2208-NQBCT,0.119956404
1779-PWPMG,0.004339851
6621-NRZAK,0.0003675384
0831-JNISG,0.0019041055
0774-IFUVM,0.063932955
3082-WQRVY,0.0109408
9553-DLCLU,0.0015711759
1641-BYBTK,0.0048235287
2460-NGXBJ,0.12016563
2446-ZKVAF,0.02917407
0841-NULXI,0.89833784
3522-CDKHF,0.27800187
1430-SFQSA,0.0037858263
0411-EZJZE,0.29588163
7851-WZEKY,0.86431426
8844-TONUD,0.8689583
8807-ARQET,0.26707312
8992-CEUEN,0.13515474
4320-QMLLA,0.17687495
8777-PVYGU,0.0015718193
8292-ITGYJ,0.0021104156
6870-ZWMNX,0.041055966
0621-CXBKL,0.008746112
5268-DSMNQ,0.033050247
5334-JLAXU,0.021891037
4086-YQSNZ,0.8153142
6242-MBHPK,0.3256071
5868-CZJDR,0.8873469
9359-UGBTK,0.06520588
0135-NMXAP,0.7509888
4782-OSFXZ,0.003875923
6479-OAUSD,0.00400837
7129-ACFOG,0.28102633
4189-NAKJS,0.025802052
5562-BETPV,0.039967675
1282-IHQAC,0.02588643
9127-FHJBZ,0.003990612
6270-OMFIW,0.6677645
1641-RQDAY,0.45734543
0107-WESLM,0.61520904
6994-ORCWG,0.053844724
1346-UFHAX,0.04817008
3992-YWPKO,0.72702533
2933-XEUJM,0.0057065752
0125-LZQXK,0.5282389
5461-QKNTN,0.117472805
4835-YSJMR,0.10529505
8399-YNDCH,0.50338876
3164-YAXFY,0.42864388
0887-WBJVH,0.07328168
4660-IRIBM,0.23992799
5673-FSSMF,0.93378687
7670-ZBPOQ,0.013296808
8089-UZWLX,0.095487565
0080-OROZO,0.1375661
3916-NRPAP,0.31215227
6807-SIWJI,0.14582118
8221-HVAYI,0.013224739
1579-KLYDT,0.778291
5232-NXPAY,0.023352662
8967-SZQAS,0.107249826
4468-KAZHE,0.122087605
0455-ENTCR,0.017293546
8944-AILEF,0.025281696
5542-NKVRU,0.0017782274
7126-RBHSD,0.1793901
5370-IIVVL,0.2014485
6789-HJBWG,0.045038197
3927-NLNRY,0.7528026
9087-EYCPR,0.0027890243
6791-YBNAK,0.089279726
6358-LYNGM,0.96672755
6077-BDPXA,0.4255343
0013-MHZWF,0.1343358
5494-HECPR,0.9327501
8268-YDIXR,0.05682245
9824-BEMCV,0.79555887
1373-ORVIZ,0.13700555
4291-SHSBH,0.31552017
6980-IMXXE,0.0010527275
9866-QEVEE,0.6012451
9897-KXHCM,0.74084276
0040-HALCW,0.0046870117
0784-GTUUK,0.01948598
7979-CORPM,0.6370739
2294-DMMUS,0.048334118
0872-JCPIB,0.07394938
3055-MJDSB,0.28230947
9091-WTUUY,0.0005125561
1618-CFHME,0.9365739
3165-HDOEW,0.81749254
6581-NQCBA,0.6851638
7115-IRDHS,0.0010850928
8496-DMZUK,0.011933359
2040-VZIKE,0.033813894
9068-VPWQQ,0.0032294546
0178-SZBHO,0.43222725
0384-RVBPI,0.055587273
1689-MRZQR,0.5150037
1299-AURJA,0.0007930714
4525-VZCZG,0.088598005
1543-LLLFT,0.01755191
5835-BEQEU,0.8864635
2788-CJQAQ,0.0015560337
5565-FILXA,0.8880964
0319-QZTCO,0.10628353
2120-SMPEX,0.0056984373
0096-FCPUF,0.10215121
0668-OGMHD,0.1550258
5552-ZNFSJ,0.82716584
2223-KAGMX,0.6307826
6507-ZJSUR,0.3301335
9408-HRXRK,0.1276348
5593-SUAOO,0.03600998
7321-PKUYW,0.64720803
2833-SLKDQ,0.61283976
6766-HFKLA,0.035529517
7595-EUIVN,0.8745516
7617-EYGLW,0.41675103
2026-TGDHM,0.85395
9220-ZNKJI,0.067528434
4030-VPZBD,0.8127428
2226-ICFDO,0.004984937
0723-VSOBE,0.060853306
5529-GIBVH,0.0010824142
4187-CINZD,0.52303386
9992-UJOEL,0.7477995
4741-WWJQZ,0.18298072
6625-UTXEW,0.047449186
6818-WOBHJ,0.65778774
6244-BESBM,0.028880889
1004-NOZNR,0.2330808
1251-STYSZ,0.64876497
2612-PHGOX,0.03341466
2408-TZMJL,0.73177594
8480-PPONV,0.0060889223
8780-IHCRN,0.0004277784
4598-ZADCK,0.07611888
1257-SXUXQ,0.020787288
9681-KYGYB,0.34828335
7182-OVLBJ,0.015396604
5095-ETBRJ,0.04619799
7005-CYUIL,0.002951309
4821-WQOYN,0.00074461877
4730-AWNAU,0.036216263
3452-FLHYD,0.031409185
2388-LAESQ,0.004339851
9531-NSBMR,0.0033924372
6260-ONULR,0.65568435
4389-UEFCZ,0.016315583
8711-LOBKY,0.0031290997
9134-CEQMF,0.6346254
8985-OOPOS,0.062296934
8800-ZKRFW,0.33958966
2616-FLVQC,0.0047412585
9968-FFVVH,0.0010074073
3108-PCCGG,0.0054773935
7993-PYKOF,0.18732083
8390-FESFV,0.0027928064
3022-BEXHZ,0.041010138
5027-XWQHA,0.44139367
6248-TKCQV,0.016054038
6729-GDNGC,0.11495469
6198-ZFIOJ,0.60538197
5989-OMNJE,0.10550472
4566-QVRRW,0.25330612
1291-CUOCY,0.00826732
9795-SHUHB,0.019513886
3230-IUALN,0.0008423357
0042-RLHYP,0.00082470407
8519-IMDHU,0.8425781
4945-RVMTE,0.042073447
0201-OAMXR,0.2652323
1866-NXPSP,0.027884925
3372-KWFBM,0.75387853
7831-QGOXH,0.82690907
6393-WRYZE,0.8277928
3941-XTSKM,0.08240164
1661-CZBAU,0.07652416
6599-RCLCJ,0.7598152
9831-BPFRI,0.502601
5158-RIVOP,0.0010030135
9788-YTFGE,0.07275073
9277-JOOMO,0.15953694
1907-YLNYW,0.11937876
1725-MIMXW,0.45025286
8947-YRTDV,0.010707973
3161-ONRWK,0.003049235
0114-RSRRW,0.09896142
4565-NLZBV,0.0010153957
0031-PVLZI,0.5494864
7206-GZCDC,0.9520537
6682-VCIXC,0.073596664
4791-QRGMF,0.6082394
6475-VHUIZ,0.065742955
3910-MRQOY,0.00047715043
0661-WCQNQ,0.0344874
7537-RBWEA,0.48598012
4656-CAURT,0.00074937823
0121-SNYRK,0.0025803188
1768-ZAIFU,0.9174766
4671-LXRDQ,0.83637875
3733-LSYCE,0.40016556
6265-FRMTQ,0.0025663662
1934-SJVJK,0.38149065
3838-OZURD,0.7909281
1371-DWPAZ,0.0048322114
9269-CQOOL,0.7093549
2017-CCBLH,0.0017031927
7690-KPNCU,0.1369019
0536-BGFMZ,0.0020905382
2293-IJWPS,0.27508238
2845-HSJCY,0.83525735
5469-NUJUR,0.00028815912
1184-PJVDB,0.80949825
2625-TRCZQ,0.100807145
4102-HLENU,0.00088487985
7266-GSSJX,0.014228183
7722-VJRQD,0.0030430604
7073-QETQY,0.0011043156
9415-DPEWS,0.61521256
5624-RYAMH,0.21071495
0196-JTUQI,0.46208838
7130-YXBRO,0.17497699
9272-LSVYH,0.18265456
7943-RQCHR,0.790887
3793-MMFUH,0.6391909
3249-ZPQRG,0.8141713
2568-BRGYX,0.5277504
3084-DOWLE,0.001521239
1084-MNSMJ,0.0011193804
7721-JXEAW,0.5150573
7249-WBIYX,0.89159757
4238-HFHSN,0.09497823
6250-CGGUN,0.043928742
5478-JJVZK,0.16223167
7596-IIWYC,0.0020641694
6567-HOOPW,0.9861141
9793-WECQC,0.10253164
4291-HPAXL,0.19017613
8999-YPYBV,0.0008815939
1839-FBNFR,0.0004455198
3164-AALRN,0.16044255
3071-MVJCD,0.00066061394
1697-BCSHV,0.029626762
0562-KBDVM,0.014627583
1131-SUEKT,0.03291487
3717-OEAUQ,0.26506004
4538-WNTMJ,0.012663209
3334-CTHOL,0.47985125
4704-ERYFC,0.5021371
9432-RUVSL,0.02898658
8060-HIWJJ,0.0050150743
7684-XSZIY,0.00019587387
9089-UOWJG,0.06762735
8621-MNIHH,0.5947421
8039-ACLPL,0.001400383
9885-AIBVB,0.31863078
1934-MKPXS,0.00066168734
2592-YKDIF,0.27070418
2272-JKMSI,0.05008213
0471-LVHGK,0.49601427
9518-RWHZL,0.45306078
8714-CTZJW,0.5080156
3569-EDBPQ,0.16807257
3131-NWVFJ,0.006026863
7521-YXVZY,0.013826877
5419-CONWX,0.9575761
6240-EURKS,0.37828714
2373-NTKOD,0.15543005
1970-KKFWL,0.0074997623
6960-HVYXR,0.97807753
9337-SRRNI,0.0006538863
0895-UADGO,0.014015482
5678-VFNEQ,0.051434435
5977-CKHON,0.16990167
7024-OHCCK,0.93363357
2692-BUCFV,0.22764161
7861-UVUFT,0.5878484
1830-GGFNM,0.03829094
5302-BDJNT,0.068860695
5223-UZAVK,0.115544625
4859-ZSRDZ,0.057287995
5651-WYIPH,0.08996564
9350-VLHMB,0.14262335
3498-LZGQZ,0.009431361
8785-CJSHH,0.24216503
5357-TZHPP,0.7889023
3870-SPZSI,0.11588281
0680-DFNNY,0.86623234
7560-QRBXH,0.00033449984
7077-XJMET,0.25075957
8752-GHJFU,0.006275422
6896-SRVYQ,0.50663483
7767-UXAGJ,0.8035737
4652-ODEVH,0.009429919
6510-UPNKS,0.01093659
6718-BDGHG,0.13410722
9046-DQMTP,0.021593375
6439-LAJXL,0.0626682
1571-SAVHK,0.99695516
9052-VKDUW,0.014967987
9546-CQJSU,0.93937737
1666-JZPZT,0.02088597
5777-KJIRB,0.013746347
0506-LVNGN,0.7607008
7677-SJJJK,0.013521637
2480-EJWYP,0.24077797
3253-HKOKL,0.05467253
7055-HNEOJ,0.23275517
5514-YQENT,0.5095683
3211-AAPKX,0.6878831
8445-DNBAE,0.48950055
2951-QOQTK,0.407308
2958-NHPPS,0.009156899
6806-YDEUL,0.14612812
1735-XMJVH,0.16382755
6890-PFRQX,0.008240161
0222-CNVPT,0.15010941
5899-OUVKV,0.4177378
8681-ICONS,0.004295403
1621-YNCJH,0.021360597
3473-XIIIT,0.88315815
6362-QHAFM,0.2776825
7893-IXHRQ,0.54075086
3070-BDOQC,0.026165288
2952-QAYZF,0.86329365
6234-PFPXL,0.09623613
9824-QCJPK,0.0010791899
4763-PGDPO,0.4356985
4283-IVYCI,0.14921667
1866-OBPNR,0.26078358
8205-MQUGY,0.2110439
8970-ANWXO,0.1309724
9480-BQJEI,0.030225046
5394-SVGJV,0.5577873
6979-TNDEU,0.11766206
9777-WJJPR,0.14571361
9283-LZQOH,0.14347678
7079-QRCBC,0.8693393
9495-SKLKD,0.38037965
6048-UWKAL,0.023978865
5067-DGXLL,0.123751976
5469-CTCWN,0.5845002
9851-QXEEQ,0.8524983
6281-FKEWS,0.19793728
8898-KASCD,0.008596829
9242-TKFSV,0.006107572
9290-SHCMB,0.65291953
0743-HNPFG,0.008615067
2277-BKJKN,0.009169766
9809-IMGCQ,0.8842181
5208-HFSBT,0.85808927
5035-PGZXH,0.4814413
8695-WDYEA,0.26369163
6543-JXSOO,0.00737742
8016-ZMGMO,0.08776971
8605-ITULD,0.21315776
3254-YRILK,0.7838626
6416-YJTTB,0.09928018
2667-WYLWJ,0.6061098
4472-VESGY,0.06426052
3195-TQDZX,0.0718262
3128-YOVTD,0.061994165
0529-ONKER,0.93419594
1728-CXQBE,0.1544821
7041-TXQJH,0.19490984
5014-GSOUQ,0.00027189578
5724-BIDBU,0.05853171
0481-SUMCB,0.13940209
1769-GRUIK,0.27101004
5240-IJOQT,0.97896886
8819-WFGGJ,0.021359207
7427-AUFPY,0.017941223
2811-POVEX,0.15646711
1092-GANHU,0.5748476
7898-PDWQE,0.0005785881
9972-EWRJS,0.00078067806
9314-IJWSQ,0.32555956
0661-XEYAN,0.7481819
5799-JRCZO,0.00030127974
1921-KYSAY,0.07016285
6198-RTPMF,0.3092435
2924-KHUVI,0.29702935
1925-GMVBW,0.12775023
7881-EVUAD,0.64131236
6184-DYUOB,0.3287233
9207-ZPANB,0.03462876
5766-XQXMQ,0.012226087
9327-QSDED,0.060357742
1656-DRSMG,0.026402773
3012-VFFMN,0.042779684
2984-AFWNC,0.40020066
0640-YJTPY,0.0002119597
8096-LOIST,0.058430325
9764-REAFF,0.01719496
3703-VAVCL,0.70344186
7107-UBYKY,0.0024749106
4881-GQJTW,0.048689194
8519-QJGJD,0.47942936
7876-DNYAP,0.0004062192
7905-NJMXS,0.029981535
2882-WDTBA,0.0037971642
2091-GPPIQ,0.014252253
6326-MTTXK,0.86550206
5071-FBJFS,0.5431508
2796-UUZZO,0.01536286
2429-AYKKO,0.0013148417
9798-OPFEM,0.0009419324
0330-IVZHA,0.57482
3794-NFNCH,0.049378492
5193-QLVZB,0.073857166
7114-AEOZE,0.002074395
2886-KEFUM,0.5007274
5522-NYKPB,0.10098978
4237-RLAQD,0.69526875
9957-YODKZ,0.7563749
6518-KZXCB,0.0010837477
2245-ADZFJ,0.010825912
7776-QGYJC,0.16908145
9313-QOLTZ,0.008245131
9651-GTSAQ,0.85926616
3186-BAXNB,0.94017434
4672-FOTSD,0.048650768
0637-YLETY,0.28072336
9818-XQCUV,0.07220239
7338-ERIVA,0.020718787
1157-BQCUW,0.96672755
8259-NFJTV,0.122807056
3223-DWFIO,0.1994577
2660-EMUBI,0.8512531
6968-GMKPR,0.24543506
4751-ERMAN,0.0023630948
1436-ZMJAN,0.07266284
3292-PBZEJ,0.21652354
0799-DDIHE,0.1719355
3070-FNFZQ,0.0020334977
2812-SFXMJ,0.1041907
7675-OZCZG,0.41146985
5014-WUQMG,0.082196996
5312-TSZVC,0.0037004205
2003-CKLOR,0.6906797
0993-OSGPT,0.0081827575
9254-RBFON,0.84218633
1205-WNWPJ,0.54581743
9391-EOYLI,0.8764577
7108-DGVUU,0.060360882
2782-JEEBU,0.015517256
5127-BZENZ,0.025807913
2720-FVBQP,0.26445252
9906-NHHVC,0.0954198
4522-XRWWI,0.018874932
3766-EJLFL,0.16626371
5939-SXWHM,0.011367098
8152-UOBNY,0.13140693
7351-KYHQH,0.066015944
7643-RCHXS,0.013345236
8246-SHFGA,0.031495307
8387-MOJJT,0.254136
0620-XEFWH,0.0021352537
6485-QXWWE,0.0009864931
2761-OCIAX,0.70748615
7321-VGNKU,0.32244155
5327-CNLUQ,0.02259931
7552-KEYGT,0.0006024457
5816-JMLGY,0.003687816
3068-OMWZA,0.91736674
2927-QRRQV,0.3371449
6032-KRXXO,0.58936256
7459-RRWQZ,0.43914944
6265-SXWBU,0.38633373
7941-RCJOW,0.00076179864
6374-NTQLP,0.02540694
4154-AQUGT,0.93050134
2387-KDZQY,0.0035259707
3584-WKTTW,0.059165347
3399-BMLVW,0.032368816
1971-DTCZB,0.0012520739
3092-IGHWF,0.5949495
3374-PZLXD,0.042958982
3813-DHBBB,0.009186699
2812-REYAT,0.0009506168
6518-PPLMZ,0.023524826
4939-KYYPY,0.041025948
8017-LXHFA,0.49597678
5930-GBIWP,0.016812205
6022-KOUQO,0.23186478
6352-TWCAU,0.86261576
2361-UPSND,0.018356228
6035-RIIOM,0.04592391
2929-QNSRW,0.569777
1262-OPMFY,0.34387374
9504-DSHWM,0.080485955
5035-BVCXS,0.101062275
6267-DCFFZ,0.6710526
3533-UVMOM,0.063775584
2439-LYPMQ,0.4581647
4248-QPAVC,0.69689304
1899-VXWXM,0.6502948
1478-VPOAD,0.42191646
9995-HOTOH,0.023621866
2988-PLAHS,0.024249285
1371-OJCEK,0.014224338
4999-IEZLT,0.006356989
8883-ANODQ,0.01042785
4690-LLKUA,0.688746
2351-RRBUE,0.011994183
5980-BDHPY,0.00045851304
1498-DQNRX,0.010320791
9469-WEJBT,0.10934046
3331-HQDTW,0.81072575
9490-DFPMD,0.5820719
2581-VKIRT,0.0069115157
5442-XSDCW,0.072668545
7426-WEIJX,0.19114417
2851-MMUTZ,0.059480418
3049-NDXFL,0.9551704
8580-AECUZ,0.97166157
3307-TLCUD,0.19646332
6625-FLENO,0.00928664
2967-MXRAV,0.016776884
7963-GQRMY,0.594431
8189-HBVRW,0.067207254
4163-KIUHY,0.023500303
1228-FZFRV,0.8655486
3500-NSDOA,0.015557035
1171-TYKUR,0.17624189
3761-FLYZI,0.049254816
2058-DCJBE,0.7810662
5364-XYIRR,0.82632184
4829-AUOAX,0.6942539
1219-NNDDO,0.43457597
8388-DMKAE,0.0008097336
4403-BWPAY,0.020698996
9659-QEQSY,0.17061223
5405-ZMYXQ,0.3372981
5047-LHVLY,0.9280184
1442-OKRJE,0.1800386
4737-AQCPU,0.0031321475
9158-VCTQB,0.69427943
2808-CHTDM,0.0017385273
6311-UEUME,0.5141831
0793-TWELN,0.51344824
3283-WCWXT,0.0009070336
1060-ENTOF,0.06538365
0999-QXNSA,0.13709795
5451-MHQOF,0.010711393
4836-WNFNO,0.0018546468
9225-BZLNZ,0.0027555146
0354-VXMJC,0.0002115321
4422-QVIJA,0.021529116
9365-SRSZE,0.1439987
6839-ITVZJ,0.14905088
8332-OSJDW,0.011278876
4735-BJKOU,0.00017453851
0274-JKUJR,0.05322091
5740-YHGTW,0.055469304
8917-SZTTJ,0.0020943705
1696-MZVAU,0.007823273
7359-WWYJV,0.008072405
0375-HVGXO,0.8766762
4906-ZHGPK,0.038516056
8593-WHYHV,0.8844952
3795-GWTRD,0.009437529
1298-PHBTI,0.009059603
6223-DHJGV,0.0011890092
6961-MJKBO,0.0005001847
6097-EQISJ,0.7256115
4423-YLHDV,0.88243693
8158-WPEZG,0.24466424
0107-YHINA,0.97831225
4918-FYJNT,0.08285818
0727-BNRLG,0.016945977
4854-CIDCF,0.2488648
8640-SDGKB,0.6936164
3280-MRDOF,0.004938522
6435-SRWBJ,0.5126955
9964-WBQDJ,0.00076729426
6303-KFWSL,0.057304252
1702-CCFNJ,0.01264985
8932-CZHRQ,0.0641766
0386-CWRGM,0.00025690868
5515-RUGKN,0.18210244
0404-AHASP,0.00025247422
7279-NMVJC,0.11915772
2081-VEYEH,0.21926644
6407-UTSLV,0.34312463
4116-TZAQJ,0.64260864
9060-HJJRW,0.034587767
2587-YNLES,0.0003297353
7398-SKNQZ,0.28974056
5935-FCCNB,0.62517756
1958-RNRKS,0.16265474
5136-RGMZO,0.28074995
8345-MVDYC,0.002343693
8226-BXGES,0.006456374
3877-JRJIP,0.88433146
8375-DKEBR,0.94716376
9705-IOVQQ,0.12433543
1015-OWJKI,0.07060154
7511-YMXVQ,0.7758271
2040-XBAVJ,0.0038638078
7551-JOHTI,0.32443854
8887-IPQNC,0.29703185
8646-JCOMS,0.042372122
9804-ICWBG,0.87005234
1222-KJNZD,0.0076713143
0106-GHRQR,0.031440698
5318-IXUZF,0.9098033
3768-VHXQO,0.001561266
8952-WCVCD,0.12389937
2418-TPEUN,0.001060003
3963-RYFNS,0.0016841703
3198-VELRD,0.9799681
8540-ZQGEA,0.0065934123
1320-REHCS,0.12123003
4137-JOPHL,0.001484885
9436-ZBZCT,0.5671209
7801-CEDNV,0.017375363
2057-BOYKM,0.011453637
3658-QQJYD,0.02903216
1803-BGNBD,0.081366405
0134-XWXCE,0.034739774
6950-TWMYB,0.0061918455
5848-FHRFC,0.0016663594
2243-FNMMI,0.030773226
2511-MORQY,0.037168536
5356-KZCKT,0.005617106
9470-XCCEM,0.09884876
6519-CFDBX,0.5459458
3902-MIVLE,0.00089121034
0409-WTMPL,0.30427018
8763-KIAFH,0.0030490682
3669-WHAFY,0.0049364064
3055-VTCGS,0.0069159977
3144-KMTWZ,0.006098111
7279-BUYWN,0.93438345
7156-MHUGY,0.7986304
7198-GLXTC,0.8676481
2007-QVGAW,0.002537617
5207-PLSTK,0.52792865
2307-FYNNL,0.0821749
5605-XNWEN,0.0010917635
2155-AMQRX,0.17534502
6181-AXXYF,0.00017945078
5091-HFAZW,0.47330758
0516-VRYBW,0.33186656
2519-LBNQL,0.22768383
8623-ULFNQ,0.055189215
8380-PEFPE,0.8345203
5687-DKDTV,0.6217545
1568-LJSZU,0.01221881
7530-HDYDS,0.775313
7789-HKSBS,0.29015493
7416-CKTEP,0.004045285
2586-CWXVV,0.16171531
3096-IZETN,0.84430325
2348-KCJLT,0.014427938
8401-EMUWF,0.034269795
4193-IBKSW,0.00036233832
5377-NDTOU,0.000871915
5922-ABDVO,0.27369162
2474-LCNUE,0.088093996
0839-QNXME,0.0053063054
3506-OVLKD,0.010241872
9172-ANCRX,0.9119431
6650-VJONK,0.34321937
2178-PMGCJ,0.13269894
7492-TAFJD,0.006602332
2773-MADBQ,0.019215977
6016-LVTJQ,0.03889748
7860-KSUGX,0.0042592236
8966-KZXXA,0.001708078
6910-HADCM,0.96291596
4816-LXZYW,0.5621538
9606-PBKBQ,0.87157536
5149-QYTTU,0.004299588
2070-XYMFH,0.32089382
2085-BOJKI,0.20676768
0817-HSUSE,0.20964946
5442-PPTJY,0.00096050114
1927-QEWMY,0.00030550064
1663-MHLHE,0.05875729
5663-QBGIS,0.020566644
4450-MDZFX,0.029148104
6701-DHKWQ,0.0046243705
7554-AKDQF,0.3560508
3536-IQCTX,0.7216362
4911-BANWH,0.57317513
8496-EJAUI,0.32944322
0794-YVSGE,0.00034477856
5423-BHIXO,0.12072374
6908-VVYHM,0.18511188
2959-EEXWB,0.063431576
1839-UMACK,0.0035342583
3030-YDNRM,0.26020503
7321-KKSDU,0.0026160618
3402-XRIUO,0.14531903
3132-TVFDZ,0.6295554
8286-AFUYI,0.27493733
8080-DDEMJ,0.57311875
8356-WUAOJ,0.48393983
6365-MTGZX,0.21035048
1349-WXNGG,0.50223696
8058-DMYRU,0.41557857
9350-ZXYJC,0.002741728
6990-YNRIO,0.03830206
8958-JPTRR,0.05381166
6959-GQEGV,0.16288024
3173-WSSUE,0.00040566718
1265-HVPZB,0.015944788
4115-UMJFQ,0.02896718
7369-TRPFD,0.0054610176
1098-KFQEC,0.008761355
7190-XHTWJ,0.0027397808
0621-TWIEM,0.50516427
3537-RYBHH,0.107549004
2485-ITVKB,0.90285605
3669-OYSJI,0.7267408
1612-EOHDH,0.6168145
6702-OHFWR,0.9478325
5296-BFCYD,0.00025559327
4510-PYUSH,0.61008954
9359-JANWS,0.014956707
7517-SAWMO,0.48934716
4143-HHPMK,0.764237
3279-DYZQM,0.0015678388
7054-LGEQW,0.5986479
0523-VNGTF,0.088545926
9575-IWCAZ,0.011586243
7105-MXJLL,0.010158389
7064-FRRSW,0.38542625
7940-UQQUG,0.024172414
0923-PNFUB,0.5549894
3961-SXAXY,0.41792628
7010-BRBUU,0.00019025762
3566-HJGPK,0.69526875
3062-ICYZQ,0.08912805
9938-PRCVK,0.0008777429
0973-KYVNF,0.0021780026
5129-HHMZC,0.0016177655
9637-CDTKZ,0.0044830805
3946-JEWRQ,0.21454214
7873-CVMAW,0.0012298287
0463-WZZKO,0.08087754
3494-JCHRQ,0.7413276
6474-FVJLC,0.91547626
4524-QCSSM,0.11655486
5832-EXGTT,0.03140568
8840-DQLGN,0.14319596
2039-JONDJ,0.023402195
7217-JYHOQ,0.05092925
6695-FRVEC,0.0052020242
4547-LYTDD,0.30254987
9894-QMIMJ,0.0153019065
8069-YQQAJ,0.114733264
6770-XUAGN,0.60356283
4193-ORFCL,0.32095075
1636-NTNCO,0.3848409
3466-WAESX,0.06807416
9281-PKKZE,0.0901363
3638-VBZTA,0.0028534946
7459-IMVYU,0.058536433
7776-QWNFX,0.55605716
6689-TCZHQ,0.8449681
8563-OYMQY,0.23526165
0754-EEBDC,0.0072137276
5777-ZPQNC,0.019672988
1951-IEYXM,0.0008213252
3318-NMQXL,0.36704245
3143-ILDAL,0.14134155
1022-RKXDR,0.0015703883
2361-FJWNO,0.100620665
2272-UOINI,0.1377045
8232-UTFOZ,0.00083265884
3750-YHRYO,0.004822018
6637-KYRCV,0.45199287
5668-MEISB,0.0055188234
0129-QMPDR,0.00044900159
7188-CBBBA,0.11053251
5356-CSVSQ,0.27923995
3221-CJMSG,0.059888814
4720-VSTSI,0.2501646
3219-JQRSL,0.0100429775
2801-NISEI,0.14070882
3946-MHCZW,0.8503963
4623-ZKHLY,0.006788324
6732-VAILE,0.0053449795
8201-AAXCB,0.11119748
7696-CFTAT,0.0056740814
1845-CSBRZ,0.09629528
2123-VSCOT,0.001803969
6651-AZVTJ,0.62437296
4566-GOLUK,0.68763965
2484-DGXPZ,0.44846243
2018-QKYGT,0.9184683
2792-VPPET,0.29762495
7409-JURKQ,0.14165497
3247-MHJKM,0.35430065
1964-SVLEA,0.0007403458
4587-NUKOX,0.5894553
7297-DVYGA,0.0013960545
2239-CGBUZ,0.0450506
0854-UYHZD,0.0016157882
7243-LCGGZ,0.3997501
8267-KFGYD,0.30732885
4890-VMUAV,0.0063150884
9261-WDCAF,0.26526684
3764-MNMOI,9.402549e-05
7442-YGZFK,0.20967503
0420-BWTPW,0.30423874
8229-BUJHX,0.00051807973
7449-HVPIV,0.12731987
5504-WSIUR,0.020546382
8183-ONMXC,0.86388654
8466-PZBLH,0.043161843
9614-RMGHA,0.65088093
8735-IJJEG,0.11007256
0564-MUUQK,0.18851948
5054-IEXZT,0.8452298
5834-ASPWA,0.9460375
0701-RFGFI,0.432655
0019-EFAEP,0.0037919045
5619-PTMIK,0.05604133
3737-XBQDD,0.15427321
5882-CMAZQ,0.19371718
5846-QFDFI,0.18906431
4445-KWOKW,0.054016657
3511-APPBJ,0.079883315
7967-HYCDE,0.17072755
2430-RRYUW,0.0020416249
3948-XHGNA,0.66345435
3723-BFBGR,0.2815793
0565-IYCGT,0.33077285
5447-WZAFP,0.0701046
5110-CHOPY,0.035182223
5445-UTODQ,0.787575
4425-OWHWB,0.0060558175
7892-QVYKW,0.17771104
9675-ICXCT,0.0010282756
1024-VRZHF,0.6673712
4703-MQYKT,0.00021780033
9497-QCMMS,0.9948319
5692-ICXLW,0.43811458
0602-DDUML,0.0011013057
2208-MPXIO,5.515351e-05
1960-UYCNN,0.20920725
0348-SDKOL,0.37972298
3190-FZATL,0.008128595
7336-RLLRH,0.011042126
4373-MAVJG,0.7726132
8901-HJXTF,0.3670002
7710-JSYOA,0.022560377
5419-KLXBN,0.66981614
3424-NMNBO,0.65721613
9885-MFVSU,0.0009372852
4514-GFCFI,0.6672882
0607-MVMGC,0.038708292
3365-SAIGS,0.2541181
9828-AOQLM,0.91982114
8022-BECSI,0.00063321146
8000-REIQB,0.80069554
9993-LHIEB,0.0051874486
0266-CLZKZ,0.018152481
7615-ESMYF,0.7881824
3858-VOBET,0.70212513
7020-OZKXZ,0.22623155
3977-QCRSL,0.088290654
0017-DINOC,0.009669294
1447-PJGGA,0.5690668
8565-CLBZW,0.6716212
9139-WQQDY,0.03865254
0224-HJAPT,0.5312364
8086-OVPWV,0.7201709
9430-FRQOC,0.8008441
7639-OPLNG,0.0027300152
3074-GQWYX,0.9312945
1492-QGCLU,0.06628159
6845-RGTYS,0.21786858
7328-OWMOM,0.0066616633
4418-LZMSV,0.012447291
5155-AZQPB,0.02435833
8861-HGGKB,0.7987747
1087-GRUYI,0.003963317
7065-YUNRY,0.5813978
7694-VLBWQ,0.77489406
2546-KZAAT,0.003884792
0181-RITDD,0.0034778274
5989-PGKJB,0.34366715
4795-KTRTH,0.8558097
8272-ONJLV,0.34747615
1488-PBLJN,0.0050796513
0308-GIQJT,0.05713428
3778-FOAQW,0.00089729275
4452-ROHMO,0.0013778763
6481-OGDOO,0.5902859
3090-LETTY,0.14627536
5349-AZPEW,0.10857522
3753-TSEMP,0.77921385
8305-VHZBZ,0.66361505
9720-JJJOR,0.043396194
8100-HZZLJ,0.07346641
8775-ERLNB,0.44716647
8309-IEYJD,0.4774383
9172-JITSM,0.694399
6298-QDFNH,0.6275118
7398-HPYZQ,0.0013136712
3546-GHEAE,0.0011441518
7361-YPXFS,0.025992882
6557-BZXLQ,0.35712144
2550-QHZGP,0.0031474482
7519-JTWQH,0.088217504
2538-OIMXF,0.28804857
8543-MSDMF,0.19079044
9961-JBNMK,0.48156202
1170-SASML,0.21441881
4872-JCVCA,0.009046228
5346-BZCHP,0.0055828257
2038-LLMLM,0.09671475
6173-ITPWD,0.41069323
9734-UYXQI,0.305737
1216-BGTSP,0.059769757
4138-NAXED,0.12941425
2189-UXTKY,0.495321
0744-BIKKF,0.00067341607
7483-IQWIB,0.24653721
5248-KWLAR,0.0018696132
4958-GZWIY,0.5367244
7996-MHXLW,0.0029494995
7833-PKIHD,0.023981616
7061-OVMIM,0.016888702
5153-RTHKF,0.46035358
1852-QSWCD,0.00059154205
4832-VRBMR,0.32173303
9079-LWTFD,0.053559337
6356-ELRKD,0.9905261
8624-GIOUT,0.35532123
3392-EHMNK,0.22715323
5986-WWXDV,0.0010799922
3061-BCKYI,0.013486008
6179-GJPSO,0.844013
7901-TBKJX,0.35993558
7228-PAQPD,0.030349417
3177-LASXD,0.669822
7746-QYVCO,0.006893355
5804-HYIEZ,0.045285635
9919-FZDED,0.004372735
5934-TSSAU,0.14298859
3486-KHMLI,0.0034891444
4897-QSUYC,0.675659
1084-UQCHV,0.9844902
8290-YWKHZ,0.70410156
2955-BJZHG,0.3244938
3806-DXQOM,0.8046608
6784-XYJAE,0.06281343
3933-DQPWX,0.004856613
6661-EIPZC,0.050388347
8957-THMOA,0.0002255576
2251-PYLPB,0.0015093295
5555-RNPGT,0.03595151
1057-FOGLZ,0.019581638
9300-RENDD,0.90822583
0761-AETCS,0.514112
8087-LGYHQ,0.3768728
4137-BTIKL,0.17653245
2190-BCXEC,0.11393976
6227-FBDXH,0.3741362
2153-MREFK,0.25607568
2911-WDXMV,0.07772345
7206-PQBBZ,0.2359711
3106-ULWFW,0.8163726
0925-VYDLG,0.64833295
4547-FZJWE,0.11103493
7422-WNBTY,0.2542185
0842-IWYCP,0.089312434
3521-HTQTV,0.005414927
3744-ZBHON,0.08596544
3373-DIUUN,0.0019861015
8383-SGHJU,0.03224411
7607-QKKTJ,0.10594723
7707-PYBBH,0.020291496
8984-HPEMB,0.013060523
4349-GFQHK,0.8978914
4139-DETXS,0.0026532677
9779-DPNEJ,0.41446057
9805-FILKB,0.0002878848
5793-YOLJN,0.0037410783
0673-IGUQO,0.15639643
4123-FCVCB,0.12681925
8819-IMISP,0.5770306
7802-EFKNY,0.18823253
8311-UEUAB,0.19484256
5858-EAFCZ,0.37665707
8035-BUYVG,0.5015911
1163-ONYEY,0.09752887
9787-XVQIU,0.96672755
8945-MUQUF,0.09608584
5656-MJEFC,0.0026645926
6082-OQFBA,0.0004450005
8051-HJRLT,0.4965066
8974-OVACP,0.41451296
4010-YLMVT,0.19297235
1379-FRVEB,0.2977202
8612-GXIDD,0.0063563357
6288-CHQJB,0.006615352
8160-HOWOX,0.26052868
3023-GFLBR,0.31510207
6648-INWPS,0.024206573
4223-BKEOR,0.038485304
4079-VTGLK,0.010837039
1763-WQFUK,0.23661344
1391-UBDAR,0.15212667
8894-JVDCV,0.013040715
2023-VQFDL,0.03236985
1345-GKDZZ,0.012630354
2014-MKGMH,0.18892008
5628-FCGYG,0.60788924
2560-WBWXF,0.00055552047
0248-IPDFW,0.31363723
7978-DKUQH,0.3290324
4335-UPJSI,0.00067119783
0524-IAVZO,0.8199088
2737-YNGYW,0.7681995
1784-EZDKJ,0.17481571
9297-FVVDH,0.03259081
8007-YYPWD,0.0051618167
7101-HRBLJ,0.0012812469
5159-YFPKQ,0.82728
6635-CPNUN,0.06299032
4021-RQSNY,0.78130996
5453-YBTWV,0.0057022753
5039-LZRQT,0.005267187
2931-VUVJN,0.0061123236
9061-TIHDA,0.782328
8699-ASUFO,0.8646519
6418-PIQSP,0.0014671261
8220-OCUFY,0.026878757
3995-WFCSM,0.19877212
1895-QTKDO,0.2885028
2038-OEQZH,0.4686469
1178-PZGAB,0.014263486
7927-AUXBZ,0.8125045
2626-VEEWG,0.003692739
2878-RMWXY,0.008003107
1657-DYMBM,0.0037756967
7311-MQJCH,0.0059636887
7375-WMVMT,0.014594697
1136-XGEQU,0.040643822
2530-FMFXO,0.022446943
6844-DZKRF,0.32153884
4695-WJZUE,0.9472491
7619-ODSGN,0.57644814
5970-GHJAW,6.2852385e-05
8879-XUAHX,0.073589474
3689-MOZGR,0.1294214
4195-PNGZS,0.0003541781
5003-XZWWO,0.0041763936
3988-RQIXO,0.9854628
7622-FWGEW,0.039058726
6922-NCEDI,0.005495737
2514-GINMM,0.93548656
9891-NQDBD,0.020442806
6131-IUNXN,0.046375234
8548-AWOFC,0.02843648
9798-DRYDS,0.049332503
8532-UEFWH,0.0037587602
6296-DDOOR,0.046032574
7951-VRDVK,0.107429475
5931-FLJJF,0.41369215
4815-YOSUK,0.006285228
2659-VXMWZ,0.6035093
0380-NEAVX,0.09018096
3207-OYBWH,0.6299142
4285-GYRQC,0.778785
7216-EWTRS,0.9707389
4365-MSDYN,0.09156139
7036-TYDEC,0.10393331
5802-ADBRC,0.021148337
8076-FEZKJ,0.0057533253
5197-YPYBZ,0.0031586709
8337-MSSXB,0.7481916
4312-GVYNH,0.008927823
8495-LJDFO,0.004625328
0839-JTCUD,0.009535411
5494-WOZRZ,0.0029220614
1302-UHBDD,0.4050503
2234-EOFPT,0.0010474494
8619-IJNDK,0.01128876
8378-LKJAF,0.17555277
8182-BJDSI,0.6620148
2528-HFYZX,0.7205917
1153-GNOLC,0.2164156
3298-QEICA,0.0034211543
0788-DXBFY,0.06312122
3597-YASZG,0.09520639
3496-LFSZU,0.3065825
5242-UOWHD,0.00013640965
2482-CZGBB,0.54958314
6479-SZPLM,0.0003974612
8097-VBQTZ,0.005299416
4500-HKANN,0.0041038506
9917-KWRBE,0.05683881
3420-ZDBMA,0.20913827
2212-LYASK,0.07612156
1393-IMKZG,0.9756703
8069-RHUXK,0.0022495675
3398-GCPMU,0.023182943
2908-WGAXL,0.002170147
3378-AJRAO,0.0077871536
1013-QCWAM,0.24724275
0866-QLSIR,0.38190347
6050-FFXES,0.05680611
7181-BQYBV,0.97264725
0362-RAOQO,0.0005773093
9554-DFKIC,0.40366876
5527-ACHSO,0.15851527
0829-DDVLK,0.018330887
1399-UBQIU,0.090699
1813-JLKWR,0.041532114
0336-PIKEI,0.0047767614
7322-OCWHC,0.046328757
9537-VHDTA,0.26222986
4957-TIALW,0.024879923
2054-PJOCK,0.029179413
9150-HEPMB,0.004327504
9030-QGZNL,0.00088513753
6204-IEUXJ,0.655481
3126-WQMGH,0.1925298
4529-CKBCL,0.88075024
2506-CLAKW,0.8373676
7176-WRTNX,0.4368633
1583-IHQZE,0.7697597
5732-IKGQH,0.13482976
9239-GZHZE,0.0022864118
7205-BAIAD,0.0022485468
0151-ONTOV,0.89677596
4140-MUHUG,0.8140923
0093-EXYQL,0.24414991
8064-RAVOH,0.6160702
0219-QAERP,0.013747615
0320-JDNQG,0.7443377
7180-PISOG,0.9572674
9168-INPSZ,0.27315077
3571-RFHAR,0.6277671
0015-UOCOJ,0.10545991
5334-AFQJB,0.0009871131
2754-SDJRD,0.5868159
9578-VRMNM,0.035826694
1587-FKLZB,0.8785461
6140-QNRQQ,0.78199565
8963-JLGJT,0.33832127
4307-KTUMW,0.6703593
1465-LNTLJ,0.04634871
5440-FLBQG,0.50629205
2135-DQWAQ,0.5844651
4056-QHXHZ,0.0022790441
7470-MCQTK,0.1359636
7488-MXJIV,0.96132284
7401-JIXNM,0.0037578228
9339-FIIJL,0.0023861013
2027-FECZV,0.9491185
2672-DZUOY,0.7830349
4706-DGAHW,0.57311875
3870-MQAMG,0.6780635
6670-MFRPK,0.016457953
6177-PEVRA,0.03873948
4800-CZMPC,0.43511337
4813-HQMGZ,0.82843786
7579-KKLOE,0.00033757158
7377-DMMRI,0.86073095
8402-EIVQS,0.12500215
4947-DSMXK,0.11755526
7245-NIIWQ,0.39910182
0002-ORFBO,0.045228437
3324-OIRTO,0.0062683253
5414-OFQCB,0.0126850065
4967-WPNCF,0.0031621575
8552-OBVRU,0.27351457
8499-BRXTD,0.0012544798
9154-QDGTH,0.23483701
8197-BFWVU,0.009323168
2577-GVSIL,0.06805231
9367-OIUXP,0.054961134
6770-UAYGJ,0.002843518
6463-HHXJR,0.003038897
7928-VJYAB,0.059568517
1187-WILMM,0.0035636227
9776-OJUZI,0.17736462
1306-RPWXZ,0.003510202
8949-JTMAY,0.792318
2774-LVQUS,0.6937923
3097-PYWXL,0.0036180462
2266-SJNAT,0.19172981
0869-PAPRP,0.067520104
4238-JSSWH,0.25778213
2972-YDYUW,0.07085166
1104-FEJAM,0.06107137
2809-ILCYT,0.044590283
5499-ECUTN,0.20669758
4981-FLTMF,0.02536692
9121-PHQSR,0.6661477
3113-IWHLC,0.1460619
3211-ILJTT,0.57892877
4612-THJBS,0.4818084
4277-BWBML,0.003189166
4094-NSEDU,0.6771078
0234-TEVTT,0.022909392
4304-TSPVK,0.040705696
1552-AAGRX,0.75707996
2637-FKFSY,0.300901
9796-MVYXX,0.01842619
7874-ECPQJ,0.01762118
0020-INWCK,0.057294026
7089-RKVSZ,0.00799101
2683-JXWQQ,0.041632015
9548-ZMVTX,0.004706049
8739-XNIKG,0.71162784
9755-JHNMN,0.0018687726
3981-QSVQI,0.024518747
2789-HQBOU,0.61812013
9424-CMPOG,0.002048158
5067-WJEUN,0.01976562
3450-WXOAT,0.13060902
9251-WNSOD,0.01762057
6974-DAFLI,0.030611282
2616-UUTFK,0.09435934
7064-JHXCE,0.0009836415
5103-MHMHY,0.6895903
7989-AWGEH,0.09181212
4373-VVHQL,0.54340035
4559-UWIHT,0.23222356
7268-IGMFD,0.19742525
1846-XWOQN,0.45343882
0235-KGSLC,0.91649616
6650-BWFRT,0.0047612563
9570-KYEUA,0.009146945
6993-YGFJV,0.12631631
2712-SYWAY,0.21584238
0730-BGQGF,0.0008913199
5498-IBWPI,0.01548225
9101-NTIXF,0.16372193
0013-SMEOE,0.001985338
9314-QDMDW,0.055188805
9308-ANMVE,0.15167719
2884-GBPFB,0.6388213
3757-NJYBX,0.7882561
3413-DHLPB,0.08350328
7649-PHJVR,0.0057533253
6114-TCFID,0.028059263
3787-TRIAL,0.09462698
2573-GYRUU,0.38337782
5156-UMKOW,0.011893814
1247-QBVSH,0.073451824
6734-GMPVK,0.42715064
9822-OAOVB,0.62818456
6161-ERDGD,0.044984024
1226-JZNKR,0.13302046
7318-EIVKO,0.19714941
3771-PZOBW,0.4195305
5136-KCKGI,0.08639112
8231-BSWXX,0.006893394
6486-LHTMA,0.25479493
4083-BFNYK,0.035348356
3722-WPXTK,0.762568
7389-KBFIT,0.25847173
7176-WIONM,0.15960716
5141-ZUVBH,0.12846115
1089-HDMKP,0.05666505
7623-HKYRK,0.074806355
0310-SUCIN,0.012962593
5197-PYEPU,0.039259292
2929-ERCFZ,0.831543
7548-SEPYI,0.8293776
8835-VSDSE,0.61433655
6619-RPLQZ,0.00032840075
3275-RHRNE,0.02408969
3503-TYDAY,0.111053556
6901-GOGZG,0.0147991115
1623-NLDOT,0.7152161
7021-XSNYE,0.038921345
9621-OUPYD,0.020129714
9898-KZQDZ,0.6442905
8982-NHAVY,0.03578465
4307-KWMXE,0.17771643
0141-YEAYS,0.21883835
2450-ZKEED,0.026849234
3694-DELSO,0.15237358
3893-JRNFS,0.04554597
9603-OAIHC,0.55370694
1133-KXCGE,0.0020005773
5236-PERKL,0.72166216
0142-GVYSN,0.010630086
1049-FYSYG,0.09427637
7854-FOKSF,0.83254874
2519-FAKOD,0.6914872
8406-LNMHF,0.064526916
1821-BUCWY,0.02025637
8263-JQAIK,0.8364863
0023-UYUPN,0.043686837
8314-DPQHL,0.037737668
1465-WCZVT,0.47456214
9481-SFCQY,0.02655861
6360-SVNWV,0.22483191
0567-GGCAC,0.048162438
7089-IVVAZ,0.9219354
8884-MRNSU,0.0948668
2171-UDMFD,0.015634092
9050-IKDZA,0.5326979
2205-YMZZJ,0.8384846
9802-CAQUT,0.0038187127
1254-IZEYF,0.86503613
0187-WZNAB,0.047095787
9492-TOKRI,0.69924396
1475-VWVDO,0.28366667
9221-OTIVJ,0.74758565
1357-MVDOZ,0.048468582
7602-MVRMB,0.0011404331
3325-FUYCG,0.7227728
5908-QMGOE,0.78167313
1197-BVMVG,0.7355452
5406-KGRMX,0.003502007
8481-YYXWG,0.81573236
5968-HYJRZ,0.0029193591
5198-EFNBM,0.07892244
7516-GMHUV,0.30833167
7140-ADSMJ,0.028700473
2230-XTUWL,0.00017152248
7706-YLMQA,0.0026913674
2585-KTFRE,0.15464391
7994-UYIVZ,0.6720518
2609-IAICY,0.98701537
1740-CSDJP,0.8806769
7717-BICXI,0.0043974235
6559-RAKOZ,0.45646688
2636-OHFMN,0.591184
4716-MRVEN,0.00054979743
2143-LJULT,0.0029169063
1323-OOEPC,0.68700475
3200-MNQTF,0.037210017
6164-HXUGH,0.1255834
5630-IXDXV,0.78920823
0320-DWVTU,0.0024335391
9135-MGVPY,0.0012184834
1212-GLHMD,0.13489695
7878-JGDKK,0.3563216
1088-AUUZZ,0.000669133
0397-GZBBC,0.7903429
6614-YWYSC,0.0037529066
9588-OZDMQ,0.31717634
7641-EUYET,0.78506327
6476-EPYZR,0.024158357
9921-ZVRHG,0.38055426
1174-FGIFN,0.16691193
6620-HVDUJ,0.05866374
4701-MLJPN,0.4542936
1032-MAELW,0.15068035
7641-TQFHN,0.0016653625
1552-TKMXS,0.0109861605
9206-GVPEQ,0.78075385
8622-ZLFKO,0.67589664
1596-BBVTG,0.120251335
6188-UXBBR,0.0016918586
2333-KWEWW,0.0008852214
5702-SKUOB,0.090682276
1134-YWTYF,0.12001219
6061-GWWAV,0.012571488
0679-TDGAK,0.018731095
6585-WCEWR,0.00022078102
9067-YGSCA,0.0057763155
9067-SQTNS,0.00090330484
8433-WXGNA,0.43896225
1776-SPBWV,0.005652458
8735-SDUFN,0.0010364905
9668-PUGNU,0.0019249986
9405-GPBBG,0.015896617
1926-QUZNN,0.0013446318
3707-GNWHM,0.9311945
7016-NVRIC,0.026080692
5829-NVSQN,0.02421362
9565-AXSMR,0.0053031147
8922-LIEGH,0.80264664
8869-LIHMK,0.008523786
8245-UMPYT,0.8363393
5186-SAMNZ,0.95951766
0447-RXSGD,0.4901852
4927-WWOOZ,0.9043004
5788-YPOEG,0.004285949
5373-SFODM,0.79717946
0661-KBKPA,0.01777661
9081-WWXKP,2.854526e-05
0784-ZQJZX,0.00010910093
3133-PZNSR,0.00084050803
5766-ZJYBB,0.62674373
8931-GJJIQ,0.79422265
4277-PVRAN,0.67441255
0022-TCJCI,0.4844813
0722-SVSFK,0.8364575
3612-YVGSJ,0.0007142526
9825-YCXWZ,0.06846911
5397-NSKQG,0.03458206
8565-HBFNN,0.1370716
2000-DHJUY,0.025844565
0203-HHYIJ,0.5429531
8670-ERCJH,0.005526169
7758-UJWYS,0.010571296
2050-ONYDQ,0.001055365
7055-JCGNI,0.019915288
0739-UUAJR,0.013022243
4826-DXMUP,0.3162944
0952-KMEEH,0.7986959
7285-KLOTR,0.021250904
0654-PQKDW,0.0058471714
7175-NTIXE,0.029867176
7963-SHNDT,0.0009551311
9796-BPKIW,0.08108021
0188-GWFLE,0.092880376
8129-GMVGI,0.0037538656
2882-DDZPG,0.10492706
3547-LQRIK,0.043773737
9137-NOQKA,0.05027304
5843-TTHGI,0.347823
1849-RJYIG,0.15976538
8868-GAGIO,0.06067627
4061-UKJWL,0.3576752
5380-XPJNZ,0.001498488
8263-QMNTJ,0.015940636
8178-EYZUO,0.18106799
3230-JCNZS,0.0024647098
0277-ORXQS,0.007421604
5130-IEKQT,0.94710034
3230-WYKIR,0.09130647
7996-BPXHY,0.0017214834
3227-WLKLI,0.011501549
0407-BDJKB,0.31466693
2266-FUBDZ,0.0018562875
8237-ULIXL,0.0014109698
9600-UDOPK,0.60346985
8216-AZUUZ,0.009144343
9153-BTBVV,0.0026603914
4074-SJFFA,0.49181315
3269-ATYWD,0.8797261
5186-PEIZU,0.011494835
1074-AMIOH,0.017371846
4910-GMJOT,0.9977156
0354-WYROK,0.89508295
4361-FEBGN,0.00018704044
7748-UMTRK,0.61164147
0380-ZCSBI,0.072315775
7145-FEJWU,0.18582125
6463-MVYRY,0.0045812386
3969-JQABI,0.11069367
9624-EGDEQ,0.0015771992
1051-EQPZR,0.008786901
5849-ASHZJ,0.0009754434
5780-INQIK,0.32954746
7576-OYWBN,0.90167546
4526-ZJJTM,0.15386969
8384-FZBJK,0.14712259
3750-RNQKR,0.047578778
0962-CQPWQ,0.000706552
3096-YXENJ,0.037269212
1265-BCFEO,0.016898675
5837-LXSDN,0.07362548
5945-AZYHT,0.069505736
8325-QRPZR,0.66280454
6384-VMJHP,0.0026377386
2262-SLNVK,0.7052867
7730-CLDSV,0.0026250076
1135-HIORI,0.019464932
0164-APGRB,0.0028099755
6481-ESCNL,0.045242257
1790-NESIO,0.00053127797
1550-EENBN,0.6264829
5539-TMZLF,0.92234063
4323-SADQS,0.61620146
4446-BZKHU,0.6314954
5202-IVJNU,0.025055466
5976-JCJRH,0.51460576
8198-RKSZG,0.011744905
0137-OCGAB,0.93070364
3351-NQLDI,0.8359814
9297-EONCV,0.00050217443
7593-JNWRU,0.64579177
4588-YBNIB,0.61914504
1069-QJOEE,0.0054727434
3336-JORSO,0.17995094
7799-DSEWS,0.060501028
8766-PAFNE,0.0038779322
5315-CKEQK,0.046658378
3130-ICDUP,0.41688988
0820-FNRNX,0.028595142
0880-FVFWF,0.032134548
4611-ANLQC,0.13923728
4213-HKBJO,0.014909634
2792-LSHWX,0.18304504
5028-GZLDO,0.75732964
0014-BMAQU,0.008434972
6861-XWTWQ,0.9322898
9018-PCIOK,0.007299063
4837-QUSFT,0.055124752
6877-TJMBR,0.7523175
9953-ZMKSM,0.001747042
0907-HQNTS,0.007825169
7665-NKLAV,0.0008954752
6769-DCQLI,0.36608216
2433-KMEAS,0.79024047
4391-LNRXK,0.08485534
8250-ZNGGW,0.4166485
2195-ZRVAX,0.71079594
3550-SAHFP,0.6866276
2011-TRQYE,0.20916086
8562-GHPPI,0.20793012
5893-PYOLZ,0.014297221
4986-MXSFP,0.031623226
6131-FOYAS,0.15058275
3027-YNWZU,0.0035470796
5609-IMCGG,0.11280092
4873-ILOLJ,0.48042518
4727-MCYZG,0.42574126
9481-WHGWY,0.01080259
2725-KXXWT,0.9660713
9565-DJPIB,0.6456621
4328-VUFWD,0.06324956
3301-LSLWQ,0.041172452
7473-ZBDSN,0.0016133939
3166-PNEOF,0.006852803
5639-NTUPK,0.48536533
8780-YRMTT,0.03098734
8348-HFYIV,0.94206506
5140-FOMCQ,0.13838655
6242-SGYTS,0.03070459
8166-ORCHU,0.06277989
8414-OOEEL,0.06760739
8454-AATJP,0.0018944299
6849-WLEYG,0.20066953
4659-NZRUF,0.5782024
4531-AUZNK,0.004458832
4191-XOVOM,0.15006475
2150-OEGBV,0.0013057049
8429-XIBUM,0.77931297
1855-CFULU,0.017359722
4878-BUNFV,0.00011294171
1872-EBWSC,0.0005858026
2608-BHKFN,0.7068185
7026-YMSBE,0.0035168182
7341-LXCAF,0.86460966
6997-UVGOX,0.00033351875
9674-EHPPG,0.0075477166
9462-MJUAW,0.41103598
8128-YVJRG,0.5789416
5440-VHLUL,0.23949464
5781-BKHOP,0.00157571
4283-FUTGF,0.8342955
5213-TWWJU,0.03937948
1569-TTNYJ,0.8790546
8628-MFKAX,0.0037611641
2397-BRLOM,0.31764117
7629-WIXZF,0.05597398
5445-GLVOT,0.7671342
3976-HXHCE,0.0008298228
2466-NEJOJ,0.029115582
0254-KCJGT,0.028032552
5472-CVMDX,0.0112086935
6461-SZMCV,0.0011589145
8150-QUDFX,0.099608414
9508-ILZDG,0.26560298
2346-DJQTB,0.15355395
1697-LYYYX,0.0054167095
1942-OQFRW,0.56632024
4749-VFKVB,0.5215622
9640-ZSLDC,0.016080838
4231-LZUYM,0.0013550235
7598-UAASY,0.75548095
7938-OUHIO,0.78548515
8510-AWCXC,0.9418296
6128-AQBMT,0.49650836
3594-BDSOA,0.0027155161
0431-APWVY,0.62539226
5133-VRSAB,0.18435313
5996-DAOQL,0.29892322
6838-YAUVY,0.20626117
0484-JPBRU,0.042312812
7883-ROJOC,0.13207014
0244-LGNFY,0.01176121
7274-CGTOD,0.001486071
4295-YURET,0.011825323
3426-NIYYL,0.51372135
8225-BTJAU,0.64701694
4635-EJYPD,0.00034749965
1866-ZSLJM,0.006459388
4636-TVXVG,0.0071271253
4236-UJPWO,0.2939649
9392-XBGTD,0.00035205294
3387-VATUS,0.94417906
6402-SSEJG,0.043737985
1143-NMNQJ,0.92686903
1169-SAOCL,0.31620175
1110-KYLGQ,0.030277463
9929-PLVPA,0.05172922
3518-PZXZQ,0.41608772
2371-JUNGC,0.03163565
7693-QPEFS,0.08917132
0924-BJCRC,0.065734126
5074-FBGHB,0.13516219
2351-BKRZW,0.0056550074
4455-BFSPD,0.09050492
0415-MOSGF,0.51572216
1724-BQUHA,0.575141
3948-KXDUF,0.0006308438
2323-ARSVR,0.051137418
0815-MFZGM,0.0054532094
4826-XTSOH,0.97482955
5480-XTFFL,0.02728529
8295-FHIVV,0.2561662
2495-INZWQ,0.5973654
9086-YJYXS,0.03251837
1179-INLAT,0.01366846
7909-FIOIY,0.04253129
4139-SUGLD,0.7405667
6857-VWJDT,0.9949934
6351-SCJKT,0.18402195
5468-BPMMO,0.011922395
5624-BQSSA,0.3997501
0197-PNKNK,0.092291825
2439-QKJUL,0.19757004
1194-SPVSP,0.08247353
9534-NSXEM,0.0050800755
2408-WITXK,0.86700314
8929-KSWIH,0.012931576
2250-IVBWA,0.037219767
1810-MVMAI,0.07791194
9506-UXUSK,0.5745904
1229-RCALF,0.012107445
3572-UOLYZ,0.25336552
1429-UYJSV,0.0074327374
5577-OTWWW,0.780909
6100-QQHEB,0.7039072
6366-XIVKZ,0.060136963
3470-OBUET,0.03889623
2770-NSVDG,0.14277817
9375-MHRRS,0.2198353
2634-HCZGT,0.8508021
7503-QQRVF,0.76738924
4860-YZGZM,0.16736743
6599-GZWCM,0.11166706
2691-NZETQ,0.9022799
4404-HIBDJ,0.36593467
5533-NHFRF,0.25626817
7037-MTYVW,0.009902715
4760-THGOT,0.13132304
7295-JOMMD,0.92975754
4016-BJKTZ,0.027372228
6584-VQMYT,0.0061295605
9838-BFCQT,0.000433234
2790-XUYMV,0.002254273
0581-MDMPW,0.23517306
5013-SBUIH,0.6312776
1023-BQXZE,0.003509213
9163-GHAYE,0.12191415
3904-UKFRE,0.4635462
5353-WILCI,0.028407566
0709-TVGUR,0.72432137
0058-EVZWM,0.11394614
6023-YEBUP,0.9335659
7209-JCUDS,0.9304733
7009-PCARS,0.0162212
0519-DRGTI,0.0075067147
1017-FBQMM,0.041714113
3001-CBHLQ,0.6572496
1985-MBRYP,0.0007056933
6158-DWPZT,0.82619774
9372-TXXPS,0.00420076
3259-QMXUN,0.012772576
1015-JPFYW,0.016991554
6645-MXQJT,0.5918669
4360-QRAVE,0.34873003
8433-WPJTV,0.080766566
5804-JMYIO,0.017157078
3763-GCZHZ,0.48539928
6484-LATFU,0.0018295437
7599-NTMDP,0.005802411
0772-GYEQQ,0.27821738
0536-ACXIP,0.0054482776
0936-NQLJU,0.00051835686
4831-EOBFE,0.676118
1575-KRZZE,0.16226749
3251-YMVWZ,0.051161684
4102-OQUPX,0.93304914
9170-GYZJC,0.32038164
4884-LEVMQ,0.0003337729
8857-CUPFQ,0.0080694305
7610-TVOPG,0.12121671
3638-DIMPH,0.08545435
1845-ZLLIG,0.41844437
8559-WNQZS,0.0010143622
3999-QGRJH,0.14250147
1699-UOTXU,0.0077150105
2454-RPBRZ,0.97965324
0635-WKOLD,0.017209131
5993-JSUWV,0.0009775735
4518-FZBSX,0.0002205054
5387-ASZNZ,0.005273364
6988-CJEYV,0.13735627
2002-MZHWP,0.55628777
3097-FQTVJ,0.00018363884
5465-BUBFA,0.00055720255
7299-GNVPL,0.082719915
9743-DQKQW,0.23712747
1215-VFYVK,0.26228216
9371-BITHB,0.0005026562
2265-CYWIV,0.9859847
9093-FPDLG,0.24805687
0541-FITGH,0.18632111
6985-HAYWX,0.15384433
7508-KBIMB,0.09127613
6838-HVLXG,0.04427261
2277-DJJDL,0.11897996
1897-OKVMW,0.000556469
5485-ITNPC,0.0015968303
0233-FTHAV,0.011071993
4644-PIZRT,0.039678376
8922-NPKBJ,0.00013849251
2740-TVLFN,0.3891636
7771-CFQRQ,0.02424087
9512-PHSMG,0.05672173
6963-EZQEE,0.016485894
2452-KDRRH,0.2723657
2004-OCQXK,0.96125257
5027-QPKTE,0.48437446
4146-SVFUD,0.37665707
1564-HJUVY,0.12480468
3617-XLSGQ,0.0076699746
7517-LDMPS,0.2287443
7244-KXYZN,0.0044244486
5226-NOZFC,0.29313684
2672-HUYVI,0.8387157
1400-WIVLL,0.12236679
7508-MYBOG,0.84914076
8148-NLEGT,0.0027940683
0148-DCDOS,0.7364146
8347-GDTMP,0.0013397569
9992-RRAMN,0.7641427
6746-WAUWT,0.004538716
0310-MVLET,0.6013415
0428-IKYCP,0.14895096
4550-VBOFE,0.60487765
2187-PKZAY,0.14509639
4003-OCTMP,0.0156282
6652-YFFJO,0.2970499
7225-IILWY,0.0007888077
5248-RPYWW,0.003122207
7923-IYJWY,0.10206675
3170-GWYKC,0.045358773
5696-QURRL,0.6811528
7409-KIUTL,0.863753
9830-ECLEN,0.012613108
1732-VHUBQ,0.15676576
0495-RVCBF,0.97445107
2668-TZSPS,0.15639643
7854-EDSSA,0.10452226
8869-TORSS,0.35026562
7446-SFAOA,0.0066462676
9522-ZSINC,0.004378668
8234-GSZYK,0.010665911
6505-OZNPG,0.005183454
6164-HAQTX,0.0013716507
0679-IDSTG,0.9827643
7765-LWVVH,0.009975208
1658-TJVOA,0.64678746
0953-LGOVU,0.054629546
2115-BFTIW,0.47451913
4692-NNQRU,0.035749014
7742-MYPGI,0.08901417
0611-DFXKO,0.33611426
7780-OTDSO,0.88886607
9619-GSATL,0.09940522
5622-UEJFI,0.0045661135
9747-DDZOS,0.82352376
0674-DGMAQ,0.2834962
6203-HBZPA,0.0010514536
0484-FFVBJ,0.057646398
0301-FIDRB,0.002890411
4139-JPIAM,0.03049227
2181-TIDSV,0.0014112311
2761-XECQW,0.31349945
1936-CZAKF,0.032672893
9453-PATOS,0.00051573396
0564-JJHGS,0.7335949
3348-CFRNX,0.22398645
4402-FTBXC,0.015388567
1428-GTBJJ,0.677189
2931-XIQBR,0.011902969
0106-UGRDO,0.013375056
5542-TBBWB,0.87005234
1930-QPBVZ,0.023115396
2606-PKWJB,0.0151839005
5322-ZSMZY,0.022683349
8059-UDZFY,0.5848692
7740-BTPUX,0.118322834
5220-AGAAX,0.00034371574
0208-BPQEJ,0.09217351
9435-JMLSX,0.0003812574
3352-ALMCK,0.51431227
5312-IRCFR,0.042181786
5294-IMHHT,0.097525306
8802-UNOJF,0.7980735
6313-GIDIT,0.5706805
6176-YJWAS,0.0017534029
5310-NOOVA,0.00013948981
4526-EXKKN,0.0020333456
5311-IHLEI,0.117875986
3987-KQDDU,0.18620178
3404-JNXAX,0.14476338
5131-PONJI,0.08423404
2845-AFFTX,0.7807371
3489-VSFRD,0.0956691
3345-JHUEO,0.024566961
5815-HGGHV,0.023796167
5260-UMPWX,0.014323769
2249-YPRNG,0.88480127
7410-YTJIK,0.65631104
4626-GYCZP,0.7993176
5649-RXQTV,0.17746124
2674-MIAHT,0.50529355
2576-HXMPA,0.034544334
7587-AOVVU,0.14896084
5590-BYNII,0.84797776
6898-MDLZW,0.17294887
3237-AJGEH,0.7648588
4707-YNOQA,0.0024921575
9357-UJRUN,0.03690065
1591-NFNLQ,0.09882033
8648-PFRMP,0.23174986
7663-CUXZB,0.06869161
0258-NOKBL,0.16363876
1163-VIPRI,0.010477823
2815-CPTUL,0.6851979
9348-ROUAI,0.0072292653
9443-JUBUO,0.003629354
0596-BQCEQ,0.91613555
1481-ZUWZA,0.6411134
3043-TYBNO,0.14489228
4830-FAXFM,0.038475018
5906-BFOZT,0.6241759
2960-NKRSO,0.07236528
8996-ZROXE,0.04196515
5598-IKHQQ,0.0019977868
0397-ZXWQF,0.0011318037
5266-PFRQK,0.011649699
4674-HGNUA,0.0010945309
6765-MBQNU,0.011731055
9786-IJYDL,0.030510128
1303-SRDOK,0.01655324
3769-MHZNV,0.007599318
6295-OSINB,0.0077940947
3308-MHOOC,0.20684876
2309-OSFEU,0.7411353
2207-QPJED,0.19209963
4177-JPDFU,0.07306119
2239-CFOUJ,0.02581828
8046-DNVTL,0.004642657
2209-XADXF,0.4647347
6620-JDYNW,0.13578105
1891-FZYSA,0.63541424
4770-UEZOX,0.25378016
1038-RQOST,0.0057559554
7613-LLQFO,0.7986052
4568-TTZRT,0.1031284
9513-DXHDA,0.011294387
2640-PMGFL,0.5581531
3801-HMYNL,0.6975216
0516-QREYC,0.007772556
9685-WKZGT,0.76206684
6022-UGGSO,0.78839487
8084-OIVBS,0.010491358
8896-BQTTI,0.1504433
3865-QBWSJ,0.37436515
3352-RICWQ,0.019096885
2160-GPFXD,0.0033514395
2065-MMKGR,0.04027853
5857-TYBCJ,0.28243357
1498-NHTLT,0.00536453
4484-CGXFK,0.60948986
1402-PTHGN,0.015574455
4176-RELJR,0.0024467502
6214-EDAKZ,0.7299009
5199-FPUSP,0.009206947
6377-KSLXC,0.042383395
1796-JANOW,0.065346636
0238-WHBIQ,0.0010990681
8735-NBLWT,0.055950917
6651-RLGGM,0.0007888077
6127-ISGTU,0.8002498
1614-JBEBI,0.09617726
8740-XLHDR,0.73119885
1208-DNHLN,0.81043065
1761-AEZZR,0.93548656
3923-CSIHK,0.6031734
5696-EXCYS,0.0006875648
5795-KTGUD,0.05106827
7120-RFMVS,0.79701406
7924-GJZFI,0.14813441
4702-HDRKD,0.0057012425
8512-WIWYV,0.0037033362
5897-ZYEKH,0.06747819
5456-ITGIC,0.023987789
7317-GGVPB,0.52981067
1406-PUQVY,0.14953095
1322-AGOQM,0.4779265
3677-IYRBF,0.95301545
5692-FPTAH,0.5813978
9114-AAFQH,0.0484724
8715-KKTFG,0.11627638
1550-LOAHA,0.63546497
1728-BQDMA,0.28750902
0268-QKIWO,0.75629693
0876-WDUUZ,0.8098772
5117-ZSMHQ,0.0020306439
5151-HQRDG,0.0950859
0960-HUWBM,0.023093127
6465-GSRCL,0.0072644595
0617-FHSGK,0.431059
0263-FJTQO,0.0037858067
7319-ZNRTR,0.0138938045
2858-MOFSQ,0.8012082
7503-EPSZW,0.0013922766
7089-XXAYG,0.121078655
8118-LSUEL,0.93082637
8070-AAWZP,0.09849813
1666-JXLKU,0.4497806
7855-DIWPO,0.58031446
5133-POWUA,0.69526875
5652-MSDEY,0.21478371
7005-CCBKV,0.682797
1810-BOHSY,0.05494528
1784-BXEFA,0.057087786
7351-MHQVU,0.16131206
9224-VTYID,0.00064721046
9500-IWPXQ,0.02709931
5762-TJXGK,0.0065688714
4504-YOULA,0.3034598
5569-IDSEY,0.021723675
4250-FDVOU,0.041183755
7284-ZZLOH,0.009524006
5277-ZLOOR,0.9267452
2141-RRYGO,0.5911569
1777-JYQPJ,0.3051114
6376-GAHQE,0.7662891
3401-URHDA,0.11464498
1599-EAHXY,0.0040314803
8631-XVRZL,0.022170233
5052-PNLOS,0.87663007
3853-LYGAM,0.15765253
6979-ZNSFF,0.90016896
5751-USDBL,0.0022253077
5680-LQOGP,0.009228926
2386-LAHRK,0.7914288
8189-DUKMV,0.05127859
6032-IGALN,0.48598012
9931-DCEZH,0.055026125
1898-JSNDC,0.1296218
0315-LVCRK,0.20680325
3911-RSNHI,0.0029344927
2410-CIYFZ,0.029507093
4248-HCETZ,0.64932686
5505-OVWQW,0.0021058016
7271-AJDTL,0.11903587
1867-TJHTS,0.12053459
0516-WJVXC,0.5312692
9174-FKWZE,0.76552534
6860-YRJZP,0.4867751
4429-WYGFR,0.1566965
2817-LVCPP,0.010161578
5038-ETMLM,0.002576332
5056-FIMPT,0.25225884
4521-WFJAI,0.027490085
6569-KTMDU,0.09058178
8809-RIHDD,0.02919581
8809-XKHMD,0.0053644027
0396-YCHWO,0.27769062
0867-LDTTC,0.11949663
4822-NGOCH,0.7041722
9391-DXGGG,0.08276208
9844-FELAJ,0.024595248
2122-SZZZD,0.0005069255
5307-DZCVC,0.6368106
3148-AOIQT,0.0030389084
8679-JOEVF,0.5396165
8395-ETZKQ,0.003418234
6692-YQHXC,0.19922896
3889-VWBID,0.0041968357
5222-JCXZT,0.00543961
9754-CLVZW,0.20147538
1432-FPAXX,0.5497598
2739-CCZMB,0.022998977
7080-TNUWP,0.08479541
0496-AHOOK,0.011157578
8336-TAVKX,0.0029815969
2468-SJFLM,0.5673303
3181-VTHOE,0.007438213
7168-HDQHG,0.009974488
4803-AXVYP,0.8884945
3884-HCSWG,0.6101413
4567-AKPIA,0.021833917
5077-DXTCG,0.7220074
1142-WACZW,0.84209484
7901-HXJVA,0.3328902
5649-ANRML,0.9116266
4892-VLANZ,0.47037375
5924-IFQTT,0.038959444
7968-QUXNS,0.12999322
2919-HBCJO,0.9493562
4236-XPXAV,0.8940734
8903-WMRNW,0.2380024
2452-SNHFZ,0.17045137
3629-WEAAM,0.12171162
6029-CSMJE,0.12674883
7993-NQLJE,0.08016598
9909-DFRJA,0.015563252
9099-FTUHS,0.26934454
0581-BXBUB,0.17593431
4962-CHQPW,0.00035430543
9467-ROOLM,0.026516395
3030-YZADT,0.2934831
7410-KTVFV,0.4833886
5150-ITWWB,0.887151
2253-KPMNB,0.010880675
1345-ZUKID,0.0063890745
6429-SHBCB,0.015880058
9281-OFDMF,0.12324647
2603-HVKCG,0.45137337
1834-WULEG,0.00081365614
9097-ZUBYC,0.08506952
5148-ORICT,0.024079563
4893-GYUJU,0.013580706
4578-PHJYZ,0.02519542
7272-QDCKA,0.16942437
8908-SLFCJ,0.0027120304
8393-DLHGA,0.7647301
9766-HGEDE,0.011057644
6968-MHOMU,0.15858214
7395-IGJOS,0.5967774
5044-XDPYX,0.0021616481
1814-WFGVS,0.004350938
2834-SPCJV,0.7463436
3721-WKIIL,0.0047754967
6734-CKRSM,0.03771351
1265-ZFOSD,0.0016353126
6568-POCUI,0.022886002
7890-VYYWG,0.9763148
5197-LQXXH,0.0060298257
9907-SWKKF,0.7511973
3457-PQBYH,0.0009880404
7682-AZNDK,0.17804354
0587-DMGBH,0.39991358
5384-ZTTWP,0.082901366
3745-HRPHI,0.013413109
7636-OWBPG,0.09069413
1231-YNDEK,0.121226
1407-DIGZV,0.0004157967
6397-JNZZG,0.51583123
0570-BFQHT,0.39600256
4393-OBCRR,0.010623493
3523-QRQLL,0.5084307
8564-LDKFL,0.34465507
3696-DFHHB,0.0019113127
0895-DQHEW,0.7514557
4717-GHADL,0.0043401993
5501-TVMGM,0.5071469
5879-HMFFH,0.0010689736
6772-WFQRD,0.00075018994
3810-DVDQQ,0.0033761228
6972-SNKKW,0.07829277
3694-GLTJM,0.033729177
8550-XSXUQ,0.052328587
8149-RSOUN,0.99322915
9055-MOJJJ,0.0016679474
4359-INNWN,0.0043502357
0585-EGDDA,0.17835675
4032-RMHCI,0.03742028
0549-CYCQN,0.022847055
3481-JHUZH,0.21378432
7250-EQKIY,0.9654385
3594-IVHJZ,0.07988964
6869-FGJJC,0.035047837
3896-ZVNET,0.0014926206
8205-VSLRB,0.008877168
5960-MVTUK,0.38631338
6817-WTYHE,0.42128876
3082-VQXNH,0.25130433
4013-UBXWQ,0.7503723
4931-TRZWN,0.18970391
0750-EKNGL,0.06924044
7669-LCRSD,0.11665744
3567-PQTSO,0.10404202
5519-NPHVG,0.8758423
8043-PNYSD,0.0037649525
9938-EKRGF,0.06838848
2703-AMTUL,0.0068564587
0928-JMXNP,0.74502665
8173-RXAYP,0.00049799896
4825-XJGDM,0.009638021
5402-HTOTQ,0.2124217
6734-JDTTV,0.0015630012
7850-THJMU,0.0012618924
3890-RTCMS,0.13649178
8849-GYOKR,0.846308
3148-BLQJT,0.4250149
3717-FDJFU,0.0005625941
3665-JATSN,0.29755974
7966-YOTQW,0.122512795
0461-CVKMU,0.41490978
8806-EAGWC,0.68872654
8853-TZDGH,0.0027937084
7779-LGOVN,0.952094
4324-BZCKL,0.0490342
6924-TDGMT,0.021566268
9710-ZUSHQ,0.9099807
1536-YHDOE,0.12536977
8123-QBNAZ,0.27108762
3629-ZNKXA,0.2959691
4827-LTQRJ,0.017353013
7711-YIJWC,0.09503854
5482-VXSXJ,0.11975158
7365-BVCJH,0.8088986
9620-ENEJV,0.37281153
4183-WCSEP,0.41585195
2378-YIZKA,0.00857747
5498-TXHLF,0.55680394
0689-DSXGL,0.010382869
6818-DJXAA,0.095211536
9722-UJOJR,0.13573484
0464-WJTKO,0.0008875588
8902-ZEOVF,0.00013311427
6778-EICRF,0.03223171
2662-NNTDK,0.0065965895
4132-KALRO,0.6249388
3902-FOIGH,0.95337605
6772-KSATR,0.88519204
7112-OPOTK,0.46919253
2874-YXVVA,0.23388262
1245-HARPS,0.0009440217
4210-QFJMF,0.92489755
4323-ELYYB,0.019303672
4293-ETKAP,0.02777625
6064-PUPMC,0.026566358
6504-VBLFL,0.033092678
6322-PJJDJ,0.20194341
0330-BGYZE,0.13402389
1085-LDWAM,0.0010821461
7586-ZATGZ,0.1361443
7197-VOJMM,0.029155852
3318-OSATS,0.41342622
5828-AVIPD,0.7892583
1843-TLSGD,0.0020039484
9626-VFRGG,0.20165364
7075-BNDVQ,0.523931
9143-CANJF,0.38129398
7284-BUYEC,0.37722787
2041-JIJCI,0.24117476
1086-LXKFY,0.9682893
4900-MSOMT,0.0012901383
2229-VWQJH,0.093990095
9194-GFVOI,0.0034503168
1336-EZFZY,0.013882684
4282-MSACW,0.2570622
1403-LKLIK,0.0022337714
2636-ALXXZ,0.94716376
7774-OJSXI,0.4051927
7786-WBJYI,0.8331259
0136-IFMYD,0.28791517
5144-TVGLP,0.24855076
9643-AVVWI,0.43298626
0253-ZTEOB,0.024569128
2706-QZIHY,0.0024620267
6061-PQHMK,0.008380572
9885-CSMWE,0.98137945
6137-MFAJN,0.22082874
9122-UMROB,0.15639643
4232-JGKIY,0.0691659
2402-TAIRZ,0.029750658
9659-ZTWSM,0.07102218
9139-TWBAS,0.026541658
6685-GBWJZ,0.009301643
5016-ETTFF,0.25289887
3866-MDTUB,0.78078514
2195-VVRJF,0.105805054
3913-RDSJZ,0.0026975241
8058-JMEQO,0.92737895
4203-QGNZA,0.0031277004
5043-TRZWM,0.6480593
0697-ZMSWS,0.88272303
7657-DYEPJ,0.7142898
9494-BDNNC,0.16412759
1640-PLFMP,0.72466105
5366-OBVMR,0.38894823
8276-MQBYC,0.7026951
7644-OMVMY,0.002468172
7593-XFKDI,0.45397303
4573-JKNAE,0.0017074487
0337-CNPZE,0.9435513
9817-APLHW,0.1125171
8380-MQINP,0.0011735003
0840-DFEZH,0.38796481
1513-XNPPH,0.85763407
8690-ZVLCL,0.02146993
6015-VVHHE,0.89805657
1125-SNVCK,0.015644934
0384-LPITE,0.04590149
4616-EWBNJ,0.11950284
6347-DCUIK,0.87248725
1335-HQMKX,0.018489406
2545-EBUPK,0.8402999
6923-AQONU,0.00021056621
2172-EJXVF,0.04109337
0897-FEGMU,0.99343455
7663-RGWBC,0.5953066
1120-BMWUB,0.45443144
9124-LHCJQ,0.9680548
4536-PLEQY,0.66150194
7029-IJEJK,0.0077362116
8871-JLMHM,0.014121784
2235-ZGKPT,0.52569324
3891-PUQOD,0.9207672
5447-VYTKW,0.057205163
3623-FQBOX,0.0027452987
0689-NKYLF,0.8382513
8659-HDIYE,0.013554471
3658-KIBGF,0.45662048
3474-BAFSJ,0.013559247
5519-YLDGW,0.84858596
3865-ZFZIB,0.00022634133
1855-AGAWH,0.19619094
7109-CQYUZ,0.0047352836
1370-GGAWX,0.1426901
4680-KUTAJ,0.22846326
5307-UVGNB,0.09290314
4946-EDSEW,0.6868559
2883-ILGWO,0.36355442
2516-VQRRV,0.9006344
7580-UGXNC,0.73400176
3642-BYHDO,0.0011233703
9629-NHXFW,0.6589718
2696-RZVZW,0.00228333
5766-FTRTS,0.0002808237
0396-HUJBP,0.11549929
5178-LMXOP,0.9982926
8879-ZKJOF,0.027735543
6285-FTQBF,0.00026615744
8185-UPYBR,0.7438417
4585-HETAI,0.5728122
7526-BEZQB,0.97447646
1474-JUWSM,0.025404265
3530-CRZSB,0.04560651
8498-XXGWA,0.008932039
9617-INGJY,0.76160383
0621-TSSMU,0.02947644
7234-KMNRQ,0.0075221774
7636-PEPNS,0.012630038
4683-WYDOU,0.118375316
9052-DHNKM,0.041358545
6794-HKIAJ,0.0077137295
5578-NKCXI,0.08990357
1642-HMARX,0.008956868
3096-WPXBT,0.054804176
8434-PNQZX,0.00273982
5950-AAAGJ,0.22947793
4299-OPXEJ,0.007590678
4951-UKAAQ,0.8898159
9618-LFJRU,0.092274606
6693-DJWTY,0.041349653
0744-GKNGE,0.00811867
6447-EGDIV,0.017401744
1167-OYZJF,0.0011426155
2108-YKQTY,0.5389879
4806-DXQCE,0.06958895
4918-QLLIW,0.58180505
7056-IMHCC,0.7830381
4854-SSLTN,0.0028453371
5294-DMSFH,0.35624692
4837-PZTIC,0.009043398
1625-JAIIY,0.7926868
0603-OLQDC,0.049523667
3272-VUHPV,0.052629203
4176-FXYBO,0.33090428
1063-DHQJF,0.0025299944
8663-UPDGF,0.03691548
6719-FGEDO,0.0024576015
1837-YQUCE,0.003363499
2947-DOMLJ,0.5131378
4112-LUEIZ,0.82883185
0369-ZGOVK,0.074149296
4510-HIMLV,0.94384986
9919-KNPOO,0.44169176
8749-JMNKX,0.8810673
7872-BAAZR,0.07003618
9391-LMANN,0.14341289
2430-USGXP,0.7136788
8174-TBVCF,0.031154148
1698-XFZCI,0.53000516
1877-HKBQX,0.036733333
4450-DLLMH,0.36209884
0428-AXXLJ,0.0071126847
2746-DIJLO,0.08585293
5955-ERIHD,0.6555625
0917-EZOLA,0.61393285
3508-VLHCZ,0.0030327041
4086-ATNFV,0.014935219
0468-YRPXN,0.3355457
5996-NRVXR,0.11910125
3739-YBWAB,0.0034789548
7047-FWEYA,0.15075502
2000-MPKCA,0.47810847
9762-YAQAA,0.055330075
5949-EBSQK,0.1550409
5473-KHBPS,0.017321177
0100-DUVFC,0.26860785
5397-TUPSH,0.10330623
8950-MTZNV,0.4393408
0326-VDYXE,0.16397129
6773-LQTVT,0.119407445
7274-RTAPZ,0.915529
0436-TWFFZ,0.01807669
8566-YPRGL,0.52483207
0311-UNPFF,0.3277359
6609-MXJHJ,0.03524718
2669-OIDSD,0.10678161
8400-WZICQ,0.10521688
3834-XUIFC,0.852899
9576-SYUHJ,0.11657673
0410-IPFTY,0.49416158
2831-EBWRN,0.51077145
9430-NKQLY,0.00038745397
8414-MYSHR,0.65672445
0247-SLUJI,0.25749418
9402-ORRAH,0.2790858
6483-OATDN,0.22532266
1293-HHSHJ,0.013091949
4840-ORQXB,0.2990892
7599-FKVXZ,0.94003105
3982-DQLUS,0.018546699
8610-ZIKJJ,0.03303371
3756-VNWDH,0.07464381
7801-KICAO,0.34175414
7673-LPRNY,0.014650866
8229-TNIQA,0.31937677
6060-QBMGV,0.00035641805
7339-POGZN,0.45483586
2828-SLQPF,0.075277016
4465-VDKIQ,0.14477995
2921-XWDJH,0.96177274
6221-AVQYL,0.85856944
2558-BUOZZ,0.059813097
9257-AZMTZ,0.0028576478
0003-MKNFE,0.15607418
0975-UYDTX,0.14368147
7743-EXURX,0.75038797
4682-BLBUC,0.17719008
0975-VOOVL,0.07518578
5968-VXZLG,0.23246579
5569-KGJHX,0.8054312
4988-IQIGL,0.9651549
5201-FRKKS,0.15607587
9799-CAYJJ,0.64986205
7730-IUTDZ,0.5334016
0426-TIRNE,0.3997501
5443-SCMKX,0.11112639
8295-KMENE,0.0023915514
6738-ISCBM,0.067056015
9821-BESNZ,0.25734803
3678-MNGZX,0.0016537114
1335-NTIUC,0.43140358
2916-BQZLN,0.40267068
4558-CGYCZ,0.2674538
2368-GAKKQ,0.011322627
8710-YGLWG,0.4393408
3199-XGZCY,0.470655
3785-KTYSH,0.0067901216
6814-ZPWFQ,0.018556336
4063-EIKNQ,0.061866995
6993-YCOBK,0.058364563
5206-HPJKM,0.038756497
7587-RZNME,0.6996115
0748-RDGGM,0.21931176
8393-JMVMB,0.41932443
5019-GQVCR,0.38037482
6036-TTFYU,0.14762732
2550-AEVRU,0.054866567
0969-RGKCU,0.006647886
0378-CJKPV,0.00092152494
4706-AXVKM,0.7455046
5889-JTMUL,0.430465
9026-RNUJS,0.6967164
3746-EUBYR,0.9873076
2332-EFBJY,0.013860128
2880-FPNAE,0.45424613
1703-MGIAB,0.097229645
4311-QTTAI,0.01808149
9474-PHLYD,0.11359363
4318-RAJVY,0.027937477
2165-VOEGB,0.4096954
3612-YUNGG,0.017787345
2254-DLXRI,0.9551965
5062-CJJKH,0.022044577
9028-LIHRP,0.002759388
2219-MVUSO,0.40447244
1053-MXTTK,0.02145211
1530-ZTDOZ,0.06880612
1301-LOPVR,0.038502548
0853-TWRVK,0.0023630091
8914-RBTSB,0.23962757
6212-ATMLK,0.5013787
8200-LGKSR,0.00609294
1568-BEKZM,0.016174067
0670-ANMUU,0.013977565
6897-RWMUB,0.0006762994
0963-ZBDRN,0.6764308
7594-RQHXR,0.98498744
6999-CHVCF,0.062008608
6134-KWTBV,0.0015564368
1077-HUUJM,0.8247095
6331-EWIEB,0.6939087
0895-LNKRC,0.041005064
2045-BMBTJ,0.08537198
8417-GSODA,0.28312743
5171-EPLKN,0.0003468324
4452-QIIEB,0.19867939
5998-VVEJY,0.1916116
1624-NALOJ,0.9121724
6741-EGCBI,0.40642294
7820-ZYGNY,0.03526013
4317-VTEOA,0.83926666
9677-AVKED,0.063411966
1670-SVOWZ,0.81209797
2227-JRSJX,0.1857768
9847-HNVGP,0.0029460771
6696-YDAYZ,0.0006120781
8980-WQFWL,0.13853665
1730-ZMAME,0.79425687
6506-EYCNH,0.035472967
4634-JLRJT,0.5211041
9501-UKKNL,0.18694228
2560-QTSBS,0.0007405621
7541-YLXCL,0.6407458
4795-WRNVT,0.024771968
6080-TCMYC,0.19781171
0260-ZDLGK,0.71680766
7860-UXCRM,0.008368606
6357-JJPQT,0.7073193
2292-XQWSV,0.1594528
9552-TGUZV,0.25664908
5913-INRQV,0.023745412
8722-NGNBH,0.60753196
6210-KBBPI,0.83199906
9643-YBLUR,0.03357658
8734-FNWVH,0.13842013
9447-YPTBX,0.0020882753
0133-BMFZO,0.6141263
6128-CZOMY,0.8296899
9540-JYROE,0.09480331
9026-LHEVG,0.2563903
2260-USTRB,0.76095855
3656-TKRVZ,0.4715413
7011-CVEUC,0.12239045
6185-TASNN,0.3014336
7925-PNRGI,0.031107541
8623-TMRBY,0.7547832
1552-CZCLL,0.012777243
3038-PQIUY,0.18533128
1501-SGHBW,0.8040457
9313-CDOGY,0.008479316
8148-BPLZQ,0.06560932
2623-DRYAM,0.145425
9987-LUTYD,0.041103195
3208-YPIOE,0.7122448
4488-KQFDT,0.4680025
2612-RANWT,0.9123432
5693-PIPCS,0.0023457445
0491-KAPQG,0.42417493
1925-LFCZZ,0.05454751
8039-EQPIM,0.005518033
6900-PXRMS,0.9127953
8707-RMEZH,0.20721851
3346-BRMIS,0.6908935
3209-ZPKFI,0.3540605
6479-VDGRK,0.0021399355
9373-WSLOY,0.1270109
2933-FILNV,0.75771594
3569-JFODW,0.0014370942
9819-FBNSV,0.46150523
9544-PYPSJ,0.13124114
1591-XWLGB,0.00037328675
0396-UKGAI,0.10010736
3243-ZHOHY,0.0039355475
5186-EJEGL,0.11529835
7527-QNRUS,0.0014946865
9986-BONCE,0.6009363
2722-JMONI,0.6209113
2203-GHNWN,0.16167238
3878-AVSOQ,0.45570776
3258-SYSWS,0.011431178
5296-PSYVW,0.0020747406
6319-QSUSR,0.12184079
4083-EUGRJ,0.17698658
7579-OOPEC,0.84193784
0512-FLFDW,0.10036511
1771-OADNZ,0.6123304
0487-CRLZF,0.0062649194
2107-FBPTK,0.79726404
9451-WLYRI,0.0073053464
8219-VYBVI,0.00078520307
1991-VOPLL,0.083891325
9738-QLWTP,0.3070958
1016-DJTSV,0.12165014
9419-IPPBE,0.025756657
0174-QRVVY,0.0003053137
5699-BNCAS,0.0039353734
2900-PHPLN,0.00016265357
0612-RTZZA,0.89103913
8106-GWQOK,0.006416446
8751-EDEKA,0.11092295
6878-GGDWG,0.061565258
4039-PIMHX,0.009522037
8450-LUGUK,0.008758204
3604-WLABM,0.23520297
0795-GMVQO,0.1016765
2259-OUUSZ,0.08070996
1142-IHLOO,0.07513252
6410-LEFEN,0.38066393
4633-MKHYU,0.4087598
6257-RJOHI,0.2779548
1545-JFUML,0.0040544015
3194-ORPIK,0.62123275
7826-VVKWT,0.011953138
1353-GHZOS,0.02876119
2587-EKXTS,0.16531895
5442-BXVND,0.10990312
8816-VXNZD,0.9732806
9378-FXTIZ,0.5466322
1723-HKXJQ,0.8326916
7825-GKXMW,0.81019545
9753-OYLBX,0.55628777
2364-UFROM,0.064585485
6656-JWRQX,0.2570536
6473-ULUHT,0.13502686
1240-KNSEZ,0.59709007
0836-SEYLU,0.86767507
4433-JCGCG,0.6359747
3716-BDVDB,0.9520439
7688-AWMDX,0.007148533
2842-BCQGE,0.25459144
7244-QWYHG,0.016343884
5899-MQZZL,0.8122273
6849-OYAMU,0.74825925
5312-UXESG,0.25173306
9488-HGMJH,0.45570776
6038-GCYEC,0.41412643
2150-WLKUW,0.020747207
7159-FVYPK,0.2673892
7032-LMBHI,0.018924251
1150-WFARN,0.6178429
6088-BXMRG,0.43468705
3144-AUDBS,0.59281707
4821-SJHJV,0.3098797
7346-MEDWM,0.12972985
1137-DGOWI,0.024887519
5616-PRTNT,0.32401124
3812-LRZIR,0.13416557
4818-QIUFN,0.7715656
9483-GCPWE,0.032036595
4227-OJHAL,0.16394304
9220-CXRSC,0.004216489
4993-JCRGJ,0.10551379
9537-JALFH,0.0009467712
6698-OXETB,0.00043214837
2103-ZRXFN,0.6639618
3724-BSCVH,0.0050112447
4877-TSOFF,0.0038251542
9209-NWPGU,0.05888968
6961-VCPMC,0.6306614
7306-YDSOI,0.0008663594
5288-AHOUP,0.13377175
6688-UZPWD,0.98483664
0655-YDGFJ,0.051218156
8468-EHYJA,0.4316746
6823-SIDFQ,0.00040466158
1097-FSPVW,0.07146669
2839-RFSQE,0.22137885
8328-SKJNO,0.010222111
7010-ZMVBF,0.04059378
5201-CBWYG,0.0011477355
0968-GSIKN,0.797154
1965-DDBWU,0.5858292
9057-SIHCH,0.94369864
6352-GIGGQ,0.03398018
3635-QQRQD,0.00094923924
6771-XWBDM,0.5444186
2897-DOVND,0.32327566
3082-YVEKW,0.0055884593
0191-EQUUH,0.0120383445
7134-HBPBS,0.015559635
3489-HHPFY,0.59933674
2926-JEJJC,0.07113286
8601-QACRS,0.53708273
4950-BDEUX,0.12900515
5789-LDFXO,0.01675086
0508-OOLTO,0.28234473
2984-TBYKU,0.011364242
9822-WMWVG,0.3576658
2391-SOORI,0.64427733
9040-KZVWO,0.0070883185
2645-QTLMB,0.75391394
4806-HIPDW,0.9476448
1548-ARAGG,0.32888162
6339-RZCBJ,0.0015607903
4424-TKOPW,0.94339615
4415-WNGVR,0.12404227
2522-AHJXR,0.008107247
0412-UCCNP,0.08730185
1816-FLZDK,0.252853
7096-UCLNH,0.2585894
8443-ZRDBZ,0.95099187
9136-ALYBR,0.5646711
4615-PIVVU,0.019620083
8885-QSQBX,0.14035976
7479-NITWS,0.70590246
8617-ENBDS,0.36497465
9385-NXKDA,0.0015072355
0430-IHCDJ,0.6033704
2959-MJHIC,0.82590204
6674-KVJHG,0.015394029
1814-DKOLC,0.2062227
4201-JMNGR,0.79909676
9351-HXDMR,0.004369085
3537-HPKQT,0.15105762
2129-ALKBS,0.051648814
5821-MMEIL,0.003989507
5960-WPXQM,0.95347434
0684-AOSIH,0.98982024
8260-NGFNY,0.41017544
1309-XGFSN,0.14959124
1866-RZZQS,0.7014854
6968-URWQU,0.07491998
4742-TXUEX,4.2286792e-05
9631-XEYKE,0.45788264
8631-NBHFZ,0.6490439
1335-MXCSE,0.17808187
8873-TMKGR,0.0006560445
8800-JOOCF,0.09133955
1469-LBJQJ,0.3963321
4958-XCBDQ,0.39512008
8337-UPOAQ,0.8492083
0064-YIJGF,0.15142144
2386-OWURY,0.14406191
1725-IQNIY,0.5654822
0310-VQXAM,0.20587651
6598-RFFVI,0.01575183
3453-RTHJQ,0.35696575
6712-OAWRH,0.545906
6278-FEPBZ,0.13341832
4280-DLSHD,0.07152404
1508-DFXCU,0.2504493
8614-VGMMV,0.4800548
7868-BGSZA,0.04763436
2800-QQUSO,0.4578076
2930-UOTMB,0.39233726
7973-DZRKH,0.04882515
5914-DVBWJ,0.8747181
7698-YFGEZ,0.20205072
2533-QVMSK,0.44322518
9773-PEQBZ,0.29360002
8644-XLFBW,0.39594
0650-BWOZN,0.37788126
8625-AZYZY,0.7763526
7785-RDVIG,0.05877847
9602-WCXPI,0.0007943545
2903-YYTBW,0.7162485
3620-MWJNE,0.31193003
8573-JGCZW,0.01953909
6837-HAEVO,0.043403804
6701-YVNQG,0.00069983053
9306-CPCBC,0.746937
4304-XUMGI,0.0142495
9504-YAZWB,0.0040301955
8819-ZBYNA,0.15103924
6174-NRBTZ,0.007728441
9481-IEBZY,0.10586685
1833-VGRUM,0.8434927
6137-NICCO,0.39909512
9065-ZCPQX,0.00075071194
6402-EJMWF,0.2281723
3620-EHIMZ,0.0075568976
3213-VVOLG,0.0018589665
6870-ECSHE,0.018568382
8747-UDCOI,0.008153491
8374-XGEJJ,0.8497958
2656-TABEH,0.92631865
6946-LMSQS,0.5245503
4626-OZDTJ,0.011848899
9169-BSVIN,0.22036159
2325-ZUSFD,0.43844807
8194-PEEBY,0.0007726067
6872-HXFNF,0.017440017
3932-CMDTD,0.77102494
7714-YXSMB,0.26906878
8387-UGUSU,0.089168765
1080-BWSYE,0.0029085197
4039-HEUNW,0.46776074
1194-HVAIF,0.15557876
0812-WUPTB,0.8515154
3594-UVONA,0.41371876
0004-TLHLJ,0.61532366
1767-TGTKO,0.36523634
8439-LTUGF,0.054937154
8805-JNRAZ,0.38034686
5089-IFSDP,0.72868717
6418-HNFED,0.0020924937
0206-OYVOC,0.00043586752
7291-CDTMJ,0.11655766
7128-GGCNO,0.13181731
0237-YFUTL,0.03842903
7691-KGKGP,0.005869844
6710-HSJRD,0.109500974
3675-EQOZA,0.03189022
0840-DCNZE,0.06981754
1732-FEKLD,0.06931665
9862-KJTYK,0.08819912
0479-HMSWA,0.03994377
5854-KSRBJ,0.0015621143
0365-BZUWY,0.30858597
4817-VYYWS,0.82811815
5701-SVCWR,0.24201283
3129-AAQOU,0.002620744
4922-CVPDX,0.002619341
1396-QWFBJ,0.68109
1357-BIJKI,0.1967607
1099-BTKWT,0.064703375
5299-SJCZT,0.95134133
2018-PZKMU,0.1924382
7340-KEFQE,0.00082859694
4570-QHXHL,0.302562
2403-BCASL,0.70267767
7392-YYPYJ,0.7158621
2898-LSJGD,0.607243
2223-GDSHL,0.009516722
7359-PTSXY,0.84819055
9470-RTWDV,0.019018276
2176-OSJUV,0.0037162688
9348-YVOMK,0.30281243
8104-OSKWT,0.046863697
4521-YEEHE,0.5041879
4090-KPJIP,0.7608903
3786-WOVKF,0.013855514
4503-BDXBD,0.43934384
6086-ESGRL,0.97914475
2592-HODOV,0.00434751
3886-CERTZ,0.700891
7995-ZHHNZ,0.007739719
3824-RHKVR,0.07016903
5816-SCGFC,0.16127051
5989-AXPUC,0.00580658
4979-HPRFL,0.00830101
8590-OHDIW,0.0028042905
8015-IHCGW,0.0041820016
2332-TODQS,0.015206941
9278-VZKCD,0.03249168
8008-OTEZX,0.0071639246
2773-OVBPK,0.14394419
5999-LCXAO,0.25982127
5206-XZZQI,0.061190523
4803-LBYPN,0.0042007514
5759-RCVCB,0.64622676
6372-RFVNS,0.94882005
2139-FQHLM,0.16463321
8261-GWDBQ,0.016517267
1093-YSWCA,0.00043776506
8938-UMKPI,0.67284214
0991-BRRFB,0.76175183
3882-IYOIJ,0.014073733
8749-TZYEC,0.0006956317
1755-FZQEC,0.0002779215
3115-JPJDD,0.02424029
5600-KTXFM,0.29528782
3871-IKPYH,0.91309595
6319-IEJWJ,0.6915902
9025-AOMKI,0.8403842
6339-TBELP,0.003899254
7964-YESJC,0.023219613
6173-GOLSU,0.7909377
5275-SQEIZ,0.9356207
7716-YTYHG,0.34350777
9938-ZREHM,0.12137159
7950-XWOVN,0.11165589
4390-KYULV,0.255172
4647-MUZON,0.28348643
9702-AIUJO,0.025721496
8849-PRIQJ,0.07974185
8851-RAGOV,0.10708705
1304-NECVQ,0.95701784
5396-IZEPB,0.037215494
1729-VLAZJ,0.01603345
8285-ABVLB,0.0010068825
0701-TJSEF,0.043842807
5712-VBOXD,0.10821944
6629-LADHQ,0.18679139
8945-GRKHX,0.9818594
1559-DTODC,0.098630376
4797-MIWUM,0.065918006
6959-UWKHF,0.8390243
8720-RQSBJ,0.4458033
4537-CIBHB,0.024817508
3815-SLMEF,0.47376895
5154-VEKBL,0.5832338
4324-AHJKS,0.18162827
4355-CVPVS,0.11797444
4495-LHSSK,0.31845132
5655-JSMZM,0.84373534
5915-ANOEI,0.0029101463
9861-PDSZP,0.006193254
4505-EXZHB,0.37137175
7225-CBZPL,0.27649635
6704-UTUKK,0.16118322
4587-VVTOX,0.90067065
2019-HDCZY,0.016919529
4652-NNHNY,0.46679834
8788-DOXSU,0.021431986
7404-JLKQG,0.16742325
7421-ZLUPA,0.20669322
8972-HJWNV,0.8025928
3274-NSDWE,0.0003625128
2632-IVXVF,0.075603954
3692-JHONH,0.21473955
8915-NNTRC,0.0031155995
5914-GXMDA,0.0027686239
7463-IFMQU,0.00165001
2920-RNCEZ,0.91304886
2541-YGPKE,0.029338367
8515-OCTJS,0.5690679
5382-TEMLV,0.046399593
3441-CGZJH,0.100859985
9592-ERDKV,0.006689865
2860-RANUS,0.47724164
5261-QSHQM,0.8591972
4778-IZARL,0.020696701
0432-CAJZV,0.15531676
7008-LZVOZ,0.00062713964
8868-WOZGU,0.8714352
1200-TUZHR,0.6979774
9365-CSLBQ,0.00063884334
1334-FJSVR,0.8088986
5884-FBCTL,0.0011007116
7130-CTCUS,0.055712245
6242-FEGFD,0.0067843325
7625-XCQRH,0.26076832
6194-HBGQN,0.013232687
7634-WSWDB,0.4157647
6986-IXNDM,0.26174858
1731-TVIUK,0.794423
2987-BJXIK,0.0029890991
9769-TSBZE,0.017277403
0406-BPDVR,0.3483772
0618-XWMSS,0.45000878
1395-WSWXR,0.00016010784
6023-GSSXW,0.0039346633
6752-APNJL,0.02649607
5276-KQWHG,0.57883465
0420-HLGXF,0.44159764
7446-KQISO,0.31320608
9823-EALYC,0.0003209628
0582-AVCLN,0.0029084783
5803-NQJZO,0.0010876345
2565-JSLRY,0.41229352
2607-DHDAK,0.0003100871
1073-XXCZD,0.02250631
0743-HRVFF,0.074380256
4006-HKYHO,0.0009992679
3727-JEZTU,0.27070418
8143-ETQTI,0.001819997
6689-KXGBO,0.82733405
9667-TKTVZ,0.3050985
3657-COGMW,0.029045748
8570-KLJYJ,0.021161178
7754-IXRMC,0.5071755
9473-CBZOP,0.006000273
2969-WGHQO,0.012647348
6615-NGGZJ,0.6327789
4334-HOWRP,0.03723148
4255-DDUOU,0.8207651
5863-OOKCL,0.14244641
1686-STUHN,0.0079453355
1329-VHWNP,0.09111753
2984-MIIZL,0.8482464
0266-GMEAO,0.0033934193
5590-YRFJT,0.71622235
5574-NXZIU,0.010664372
0019-GFNTW,0.0075062383
4256-ZWTZI,0.14209528
8309-PPCED,0.0048504844
4098-NAUKP,0.5023645
5196-WPYOW,0.000668755
4608-LCIMN,0.14435667
1485-YDHMM,0.053050395
4054-CUMIA,0.038211104
0603-TPMIB,0.0015183049
2525-GVKQU,0.015566598
8161-QYMTT,0.7461348
9581-GVBXT,0.0058490373
5862-BRIXZ,0.030589778
5404-GGUKR,0.29424632
3308-JSGML,0.008446469
2126-GSEGL,0.008997356
3677-TNKIO,0.4387222
0440-QEXBZ,0.12977745
2434-EEVDB,0.08588093
6762-QVYJO,0.00093306083
6199-IWKGC,0.16710702
2675-DHUTR,0.38170487
8152-VETUR,0.006629487
9667-EQRXU,0.70706475
7446-YPODE,0.08907606
9522-BNTHX,0.09056252
4676-WLUHT,0.018299496
3329-WDIOK,0.63352877
7980-MHFLQ,0.0009858368
2873-ZLIWT,0.3498219
3415-TAILE,0.49271068
0757-WCUUZ,0.002442764
1629-DQQVB,0.17157924
1915-IOFGU,0.7719815
3045-XETSH,0.9197327
0374-AACSZ,0.3142623
7239-HZZCX,0.37954685
4872-VXRIL,0.024765482
9140-CZQZZ,0.00792005
3423-HHXAO,0.013845029
9938-TKDGL,0.040972047
0531-ZZJWQ,0.20055082
6537-QLGEX,0.64971155
2688-BHGOG,0.42853472
7683-CBDKJ,0.047773514
0946-CLJTI,0.6083039
3160-TYXLT,0.21488693
1325-USMEC,0.016867364
0916-QOFDP,0.14799426
0628-CNQRM,0.36638784
5606-AMZBO,0.2471724
6199-IPCAO,0.03782315
7665-TOALD,0.95338506
0112-QWPNC,0.44204
0324-BRPCJ,0.8524284
2777-PHDEI,0.96923155
5640-CAXOA,0.0071502426
2235-EZAIK,0.0029281501
3847-BAERP,0.061694864
1196-AMORA,0.68414694
4282-YMKNA,0.73709184
1453-RZFON,0.24364237
8263-OKETD,0.035014827
0670-KDOMA,0.5211041
2476-YGEFM,0.19731489
8687-BAFGU,0.13125572
0641-EVBOJ,0.11384424
0829-XXPLX,0.2948773
9974-JFBHQ,0.09546966
5356-RHIPP,0.66361505
6624-JDRDS,0.061086327
0608-JDVEC,0.012734501
9780-FKVVF,0.059229843
1919-RTPQD,0.14191243
5214-NLTIT,0.0054585706
3345-PBBFH,0.1650228
5055-BRMNE,0.08565296
9189-JWSHV,0.64629024
2190-PHBHR,0.007916229
2650-GYRYL,0.003520157
0746-JTRFU,0.62268686
5208-FVQKB,0.002656869
7184-LRUUR,0.029202271
6627-CFOSN,0.32805568
3982-JGSFD,0.002286984
1574-DYCWE,0.00031298233
7247-XOZPB,0.022125883
2466-FCCPT,0.043670814
6211-WWLTF,0.0014466791
4826-TZEVA,0.08044954
6016-NXBNJ,0.0035473125
9138-EFSMO,0.020898271
0576-WNXXC,0.67984915
4632-XJMEX,0.032306295
8910-LEDAG,0.15931678
3452-GWUIN,0.49062693
2716-GFZOR,0.035459183
3724-UCSHY,0.050724223
8626-XHBIE,0.0043280977
4628-CTTLA,0.85006094
3192-LNKRK,0.19808045
4439-YRNVD,0.14591329
2876-VBBBL,0.5211041
6834-NXDCA,0.79243916
2208-UGTGR,0.27988905
3005-TYFRD,0.26587075
8670-MEFCP,0.014345665
3079-BCHLN,0.0012050885
7777-UNYHB,0.13247254
5597-GLBUC,0.928808
7278-CKDNC,0.4089047
2748-MYRVK,0.51849693
8450-UYIBU,0.41305506
2969-VAPYH,0.021240035
4822-YCXMX,0.5484439
7181-OQCUT,0.18728459
8474-UMLNT,0.08964408
9821-POOTN,0.6050505
3836-FZSDJ,0.00080640666
9142-XMYJH,0.028193193
6559-ILWKJ,0.77274793
0187-QSXOE,0.4644211
7733-UDMTP,0.33136097
2649-HWLYB,0.05142435
5214-CHIWJ,0.0005439485
4229-CZMLL,0.7579994
6904-JLBGY,0.003496681
2465-BLLEU,0.52729046
1685-VAYJF,0.11786422
8874-EJNSR,0.0015890518
6917-YACBP,0.024262259
5049-MUBWG,0.006047112
4223-WOZCM,0.1839842
0769-MURVM,0.0016879033
9253-VIFJQ,0.0039930064
7030-FZTFM,0.0044697104
9741-YLNTD,0.45400417
5917-RYRMG,0.009871868
5120-ZBLAI,0.013220103
1194-BHJYC,0.0017569971
3663-MITLP,0.82421356
0906-QVPMS,0.017007768
9025-ZRPVR,0.5929138
1905-OEILC,0.32443854
7858-GTZSP,0.30547947
3285-UCQVC,0.6552834
6248-BSHKG,0.0069642076
4685-TFLLS,0.10919684
3470-BTGQO,0.047754828
1209-VFFOC,0.0047087166
8224-DWCKX,0.3305518
5482-PLVPE,0.9050256
4553-DVPZG,0.6109788
4902-OHLSK,0.78297657
6917-IAYHD,0.35382405
0495-ZBNGW,0.86059797
8620-RJPZN,0.25120446
7572-KPVKK,0.058761667
2642-MAWLJ,0.0016535997
2357-COQEK,0.74407774
7103-ZGVNT,0.055103596
3737-GCSPV,0.8375835
2027-WKXMW,0.114454746
7137-NAXML,0.004025188
2428-ZMCTB,0.11106913
2961-VNFKL,0.0014383196
1768-HNVGJ,0.35273457
6963-KQYQB,0.0023498444
5934-RMPOV,0.6123893
1207-BLKSA,0.0012641997
4088-YLDSU,0.59060764
8316-BBQAY,0.018093612
1166-PQLGG,0.00030611377
3146-JTQHR,0.016163751
4291-YZODP,0.00066464586
4395-PZMSN,0.7011928
6427-FEFIG,0.0025798462
0017-IUDMW,0.004504827
8706-HRADD,0.017008534
9955-QOPOY,0.031077942
4385-ZKVNW,0.16684584
5446-DKWYW,0.059754252
2034-CGRHZ,0.8032736
5797-APWZC,0.9861879
3683-QKIUE,0.6532856
4228-ZGYUW,0.8636273
9031-ZVQPT,0.022464104
2990-IAJSV,0.00068849255
8107-KNCIM,0.29553527
9027-YFHQJ,0.11440946
5176-LDKUH,0.07541581
4644-OBGFZ,0.0089869825
7926-IJOOU,0.11152398
6480-YAGIY,0.1183642
4029-HPFVY,0.2459696
7602-DBTOU,0.0047472133
5345-BMKWB,0.07845267
3519-ZKXGG,0.8423226
5457-COLHT,0.0032313294
6416-TVAIH,0.97204566
5451-YHYPW,0.0038084213
5108-ADXWO,0.35014397
7998-WNZEM,0.00039770265
3066-RRJIO,0.8846333
4664-NJCMS,0.000760654
0307-BCOPK,0.005712214
7629-WFGLW,0.006229526
2542-HYGIQ,0.14564954
6715-OFDBP,0.4828226
5016-LIPDW,0.05819506
6481-LXPWL,0.026206234
1567-DSCIC,0.730861
2150-UWTFY,0.04270647
6124-ACRHJ,0.3396681
9362-MWODR,0.044834524
9975-GPKZU,0.00033072606
9625-RZFUK,0.0037591907
5153-LXKDT,0.19476551
5161-UBZXI,0.018639483
1020-JPQOW,0.05907017
7919-ZODZZ,0.046682276
0565-JUPYD,0.121945366
6867-ACCZI,0.00606096
5939-XAIXZ,0.0638684
9054-FOWNV,0.5048582
2683-BPJSO,0.5257246
2157-MXBJS,0.3040572
8207-VVMYB,0.0014373919
9732-EQMWY,0.17577386
9360-AHGNL,0.89066726
1087-UDSIH,0.7742328
5269-NRGDP,0.2049915
6195-MELTI,0.12147491
5485-WUYWF,0.8274788
2121-JAFOM,0.0022603602
8818-DOPVL,0.37502322
2632-UCGVD,0.8551076
5445-PZWGX,0.5299554
1227-UDMZR,0.0004551981
5198-HQAEN,0.029197538
9170-CCKOU,0.60026383
2167-FQSTQ,0.00069887144
2819-GWENI,0.00042744863
1043-YCUTE,0.34489852
3814-MLAXC,0.61592734
3572-UUHRS,0.00069949444
2692-PFYTJ,0.1481365
1226-UDFZR,0.779539
5955-EPOAZ,0.25082004
6821-JPCDC,0.052501783
8815-LMFLX,0.101586595
9135-HSWOC,0.002841611
8582-KRHPJ,0.022393188
5811-IWXYM,0.07444718
7044-YAACC,0.3667713
8189-XRIKE,0.27762017
1506-YJTYT,0.0004908183
4123-DVHPH,0.43659097
6425-YQLLO,0.56570184
5442-UTCVD,0.78148794
2228-BZDEE,0.00493983
7734-DBOAI,0.7107003
2789-CZANW,0.009167941
2091-RFFBA,0.773531
2114-MGINA,0.9502002
7596-LDUXP,0.02917264
3740-RLMVT,0.0024487635
4489-SNOJF,0.4921999
2192-OZITF,0.0014189854
5651-CPDND,0.121435344
2186-QZEYA,0.07512699
1131-ALZWV,0.10644094
7729-XBTWX,0.003628942
9134-WYRVP,0.006369525
3284-SVCRO,0.0071485196
9732-OUYRN,0.00047133162
0559-CKHUS,0.0020916269
2931-SVLTV,0.2040397
6899-PPEEA,0.850774
7504-UWHNB,0.1292338
2582-FFFZR,0.21542771
8908-NMQTX,0.0023448598
2187-LZGPL,0.6793219
1431-AIDJQ,0.022551568
6288-LBEAR,0.1594408
4597-NUCQV,0.8353059
9019-QVLZD,0.9754093
8413-YNHNV,0.0018070894
5808-TOTXO,0.024362704
4369-NYSCF,0.0142389685
6333-YDVLT,0.051967975
5324-KTGCG,0.0023257558
5599-HVLTW,0.25161892
7394-LWLYN,0.27659842
3707-LRWZD,0.3320636
6873-UDNLD,0.067251466
2700-LUEVA,0.08336348
1455-ESIQH,0.70919144
0958-YHXGP,0.16802175
1101-SSWAG,0.37331313
2979-SXESE,0.6560488
4013-TLDHQ,0.5599191
5743-KHMNA,0.0010923544
4194-FJARJ,0.0058936267
5325-UWTWJ,0.074277624
3969-GYXEL,0.1736594
9208-OLGAQ,0.5962469
3244-CQPHU,0.007847855
2674-MLXMN,0.16136168
9708-HPXWZ,0.29230982
6992-TKNYO,0.026311338
4468-YDOVK,0.20739011
3754-DXMRT,0.7536917
5792-JALQC,0.0060706707
7130-VTEWQ,0.50003916
2200-DSAAL,0.07623332
4302-ZYFEL,0.0015180152
9351-LZYGF,0.06869993
4366-CTOUZ,0.016082814
6121-VZNQB,0.45652026
7903-CMPEY,0.94117075
1518-OMDIK,0.031048737
6671-NGWON,0.041468184
0595-ITUDF,0.07396733
6996-KNSML,0.9320779
1955-IBMMB,0.009580864
0096-BXERS,0.34008458
3806-YAZOV,0.012040533
7998-ZLXWN,0.1438231
6253-WRFHY,0.039974272
9133-AYJZG,0.30028316
2675-OTVVJ,0.21126913
8680-CGLTP,0.013786687
8430-TWCBX,0.029869515
5018-GWURO,0.24902423
6741-QRLUP,0.0056932606
4737-HOBAX,0.030600354
0537-QYZZN,0.45707163
3340-QBBFM,0.011499744
1704-NRWYE,0.787562
2592-SEIFQ,0.37316272
8200-KLNYW,0.01489166
3372-CDXFJ,0.023946276
4781-ZXYGU,0.522817
7632-YUTXB,0.0026733137
2718-YSKCS,0.0005355258
9896-UYMIE,0.018959712
0853-NWIFK,0.044633836
8212-CRQXP,0.1401245
6980-CDGFC,0.008960424
7691-XVTZH,0.029765975
2520-SGTTA,0.0006021288
7481-ATQQS,0.5319378
2277-VWCNI,0.3401487
1088-CNNKB,0.01808652
8642-GVWRF,0.7850699
1930-BZLHI,0.0008184053
3400-ESFUW,0.5537261
5868-YTYKS,0.18959625
3525-DVKFN,0.0010800055
1482-OXZSY,0.21315788
0377-JBKKT,0.044074625
5778-BVOFB,0.23187037
3373-YZZYM,0.040142305
2057-ZBLPD,0.5520697
0228-MAUWC,0.18263724
5502-RLUYV,0.9013261
0023-HGHWL,0.9383935
7663-YJHSN,0.012500208
4915-BFSXL,0.022056518
3086-RUCRN,0.08412676
5215-LNLDJ,0.12145163
7576-JMYWV,0.23801185
9039-RBEEE,0.39880592
0257-KXZGU,0.04884864
1307-ATKGB,0.25674343
8417-FMLZI,0.7339123
3714-XPXBW,0.25778872
1850-AKQEP,0.076880306
2824-DXNKN,0.0046382016
5227-JSCFE,0.013747323
0848-ZGQIJ,0.53709894
3621-CHYVB,0.13524367
8042-RNLKO,0.005961456
1792-UXAFY,0.8147608
5372-FBKBN,0.0063158576
0420-TXVSG,0.00078282465
6217-TOWGS,0.02427533
0515-YPMCW,0.8538349
0378-XSZPU,0.2603142
1045-LTCYT,0.0949486
1544-JJMYL,0.007896152
4636-JGAAI,0.08890011
6874-SGLHU,0.15123478
5951-AOFIH,0.08662731
4729-XKASR,0.33998024
3059-NGMXB,0.01981
8652-YHIYU,0.04642071
5278-PNYOX,0.004233901
5449-FIBXJ,0.5338345
3486-HOOGQ,0.022327054
5061-PBXFW,0.057050757
8630-FJLIB,0.17421868
3891-NLXJB,0.0301554
4749-OJKQU,0.7347233
0577-WHMEV,0.15852188
5453-AXEPF,0.15601668
3639-XJHKQ,0.058519688
3716-LRGXK,0.009610215
2263-SFSQZ,0.00198022
9950-MTGYX,0.00031487443
3397-AVTKU,0.01523003
4825-FUREZ,0.00010651608
9837-BMCLM,0.7728614
2672-OJQZP,0.2634555
0137-UDEUO,0.61628985
3134-DSHVC,0.0049521076
6161-UUUTA,0.8437158
7821-DPRQE,0.096440494
6543-XRMYR,0.77648216
2001-EWBQU,0.05111772
4925-LMHOK,0.063864514
1608-GMEWB,0.50902
6695-AMZUF,0.0022112718
1455-UGQVH,0.9840608
8410-BGQXN,0.032786075
8280-MQRQN,0.8721826
1619-YWUBB,0.002466664
7611-YKYTC,0.21599005
2037-SGXHH,0.6131131
3178-FESZO,0.920433
0365-GXEZS,0.31592458
0082-OQIQY,0.17823018
6087-MVHJH,0.81733173
4603-JANFB,0.87005234
3018-TFTSU,0.28908652
3606-SBKRY,0.07020208
4806-KEXQR,0.93326235
0667-NSRGI,0.14771223
7083-YNSKY,0.31868115
6893-ODYYE,0.02136365
8242-JSVBO,0.405234
2479-BRAMR,0.81649727
9541-ZPSEA,0.034367345
2665-NPTGL,0.3991035
1139-WUOAH,0.037420657
4693-VWVBO,0.23992278
7434-SHXLS,0.3997501
6937-GCDGQ,0.010685966
0988-JRWWP,0.40966672
5075-JSDKI,0.004185989
7908-QCBCA,0.911296
8644-XYTSV,0.13465424
6711-FLDFB,0.5949692
3873-WOSBC,0.0029104329
7465-ZZRVX,0.6732507
7975-JMZNT,0.0054751057
7251-XFOIL,0.007967171
4116-IQRFR,0.031146001
3714-JTVOV,0.8785388
8259-DZLIZ,0.00415761
0442-ZXKVS,0.25017548
7853-WNZSY,0.3606155
3120-FAZKD,0.013546681
8606-OEGQZ,0.011423163
0225-ZORZP,0.45295942
4702-IOQDC,0.7854403
9489-JMTTN,0.0029408366
0575-CUQOV,0.19433723
0967-BMLBD,0.027304307
6178-KFNHS,0.07992884
2830-LEWOA,0.10999339
5006-MXVRN,0.014433967
1264-BYWMS,0.8509242
9658-WYUFB,0.56859386
8327-WKMIE,0.0003808876
6917-FIJHC,0.0026931623
5329-KRDTM,0.01712103
7797-EJMDP,0.14331564
3530-VWVGU,0.0100664
2013-SGDXK,0.76707965
6368-NWMCE,0.104423575
3633-CDBUW,0.091203816
0707-HOVVN,0.027319444
8580-QVLOC,0.5163371
3956-MGXOG,0.38759655
9274-UARKJ,0.4571606
4077-HWUYD,0.00032491348
2012-NWRPA,0.9976675
8808-ELEHO,0.5982491
0103-CSITQ,0.1590885
3506-LCJDC,0.64392424
8671-KKKOS,0.09604826
7305-ZWMAJ,0.0038190612
9518-XXBXE,0.24771936
3934-HXCFZ,0.6343486
6578-KRMAW,0.062475402
4860-IJUDE,0.18576115
7666-WKRON,0.7133963
9688-YGXVR,0.090049796
0423-UDIJQ,0.19844237
1945-XISKS,0.0068711825
4910-AQFFX,0.6926747
2154-KVJFF,0.8379474
5360-LJCNJ,0.030414425
2607-FBDFF,0.09712386
9647-ERGBE,0.8619697
3428-XZMAZ,0.9484978
1100-DDVRV,0.25064465
0378-TOVMS,0.71091014
4355-HBJHH,0.73022956
6728-WYQBC,0.22339231
9058-CBREO,0.8099701
9029-FEGVJ,0.24017017
7216-KAOID,0.00060550903
0318-QUUOB,0.89123106
6145-NNPNO,0.2872226
5520-FVEWJ,0.6876915
5339-TJFEK,0.10254336
5572-ZDXHY,0.2968062
2074-GUHPQ,0.36807913
4625-XMOYM,0.00056084123
5827-MWCZK,0.043863133
1385-TQOZW,0.048920803
5914-XRFQB,0.016158504
4329-YPDDQ,0.11714925
4804-NCPET,0.00050255656
3750-CKVKH,0.48303378
5944-UGLLK,0.07557568
8063-GBATB,0.83680034
7787-BNTZM,0.110273585
2252-ISRNH,0.1687189
9415-TPKRV,0.33772042
5322-TEUJK,0.0046412908
4547-KQRTM,0.85549444
4877-EVATK,0.20205072
1866-DIOQZ,0.0037593425
8375-KVTHK,0.16041097
2697-NQBPF,0.20163739
3709-OIJEA,0.084940135
7639-SUPCW,0.8279353
1386-ZIKUV,0.10461635
0599-XNYDO,0.498444
6377-WHAOX,0.5793495
6855-VLGOS,0.00067453174
8999-XXGNS,0.025718737
8746-OQQRW,0.017095402
3181-MIZBN,0.058860816
0471-ARVMX,0.3071235
7766-CLTIC,0.2035067
5650-YLIBA,0.48225197
0825-CPPQH,0.00047221844
9084-OAYKL,0.006672736
6122-LJADA,0.004106954
2400-XIWIO,0.0012901797
7524-VRLPL,0.057652343
1069-XAIEM,0.93574464
7569-NMZYQ,0.007140977
5201-USSQZ,0.14872664
2105-PHWON,0.23800349
1494-EJZDW,0.0026203403
4884-TVUQF,0.007105714
8003-EWNDZ,0.13516203
1897-RCFUM,0.00670405
9256-JTBNZ,0.12603314
4658-HCOHW,0.63650763
2211-RMNHO,0.002424167
2432-TFSMK,0.07449978
3440-JPSCL,0.9717471
4929-ROART,0.08792417
1834-ABKHQ,0.012309746
1741-WTPON,0.00415655
3932-IJWDZ,0.255325
1240-HCBOH,0.002615864
3594-KADLU,0.052406117
8065-BVEPF,0.11986316
3796-ENZGF,0.0014830211
1734-ZMNTZ,0.0028653925
2853-CWQFQ,0.68193346
0813-TAXXS,0.002555375
2519-TWKFS,0.11566716
2889-FPWRM,0.54127043
0626-QXNGV,0.00091189705
6723-CEGQI,0.0037648845
6987-XQSJT,0.68421024
4732-RRJZC,0.04209893
9499-XPZXM,0.0058790008
4338-EYCER,0.23528758
3007-FDPEA,0.1556496
6350-XFYGW,0.53820133
4290-BSXUX,0.91213614
8513-OLYGY,0.013600324
0311-QYWSS,0.36673313
8705-DWKTI,0.10749911
8755-IWJHN,0.19261649
0325-XBFAC,0.8854081
4480-QQRHC,0.32623163
0929-PECLO,0.07724691
3680-CTHUH,0.03717366
1202-KKGFU,0.32799897
6112-KTHFQ,0.08389861
1852-XEMDW,0.027162232
2462-XIIJB,0.9098623
4760-XOHVN,0.46279305
1820-DJFPH,0.00054159976
9426-SXNHE,0.023139708
9068-FHQHD,0.0012093581
1269-FOYWN,0.0003941756
9470-YFUYI,0.0032448021
7817-BOQPW,0.8729559
7402-EYFXX,0.6486981
1853-UDXBW,0.8376812
9895-VFOXH,0.3175838
5458-CQJTA,0.650916
1230-QAJDW,0.17383184
5701-ZIKJE,0.19604698
5219-YIPTK,0.5507522
5032-MIYKT,0.797154
7396-VJUZB,0.3204922
9717-QEBGU,0.32340083
5172-RKOCB,0.0076553808
6509-TSGWN,0.035598118
3540-RZJYU,0.6074554
3178-CIFOT,0.0037797056
2091-MJTFX,0.498241
4530-NDRKU,0.0042109108
5985-TBABQ,0.0473144
9800-ONTFE,0.25887206
6743-HHQPF,0.076752044
8455-HIRAQ,0.15158726
6616-AALSR,0.04549194
0883-EIBTI,0.45725304
9415-ZNBSX,0.0050631296
4018-KJYUY,0.005600827
0722-TROQR,0.88957524
7571-YXDAD,0.8448756
3884-UEBXB,0.0026280181
8780-RSYYU,0.033502363
5537-UXXVS,0.05854189
1791-PQHBB,0.53184223
8701-DGLVH,0.0012803582
8741-LQOBK,0.038259868
3393-FMZPV,0.8142877
8082-GHXOP,0.075542085
6402-ZFPPI,0.87366533
0980-FEXWF,0.0064629354
7486-KSRVI,0.57697654
3011-WQKSZ,0.047564924
8443-WVPSS,0.8761208
3006-XIMLN,0.9834253
8218-FFJDS,0.0017213442
1986-PHGZF,0.028859185
9965-YOKZB,0.8542769
0504-HHAPI,0.35818452
9360-OMDZZ,0.46887192
6305-YLBMM,0.17249104
0345-XMMUG,0.041195557
8024-XNAFQ,0.00708547
3647-GMGDH,0.7212535
2988-GBIVW,0.1333813
2832-SCUCO,0.03036864
7036-ZZKBD,0.03716484
3791-LGQCY,0.63759047
0265-PSUAE,0.316818
0463-TXOAK,0.027422024
0594-UFTUL,0.01708005
9509-MPYOD,0.005195605
9128-CPXKI,0.05277913
0129-KPTWJ,0.015214855
8166-ZZTFS,0.5290605
5855-EIBDE,0.027056577
5365-LLFYV,0.19991872
5956-YHHRX,0.79109114
6008-NAIXK,0.3374837
2956-GGUCQ,0.7403653
1928-BXYIV,0.25575823
5760-FXFVO,0.22269826
6595-COKXZ,0.36296985
0961-ZWLVI,0.06967753
5181-OABFK,0.0031336201
4007-NHVHI,0.071648255
7816-VGHTO,0.0072530787
5871-DGTXZ,0.008456039
7550-WIQVA,0.08340621
7544-ZVIKX,0.23752345
0016-QLJIS,0.0014138604
7508-DQAKK,0.006781075
5176-OLSKT,0.00071928103
9356-AXGMP,0.1358855
3556-BVQGL,0.0024047203
0362-ZBZWJ,0.8294005
8979-CAMGB,0.08802477
4211-MMAZN,0.19380307
7581-EBBOU,0.020866
4274-OWWYO,0.82591647
5073-RZGBK,0.011956152
1541-ETJZO,0.7525063
2192-CKRLV,0.038909566
3154-HMWUU,0.005917573
6119-SPUDB,0.007756149
6522-OIQSX,0.030313998
7813-ZGGAW,0.12087939
8748-HFWBO,0.0035467495
1052-QJIBV,0.00022724111
1319-YLZJG,0.24090281
4106-HADHQ,0.4773481
0723-FDLAY,0.04313495
3050-RLLXC,0.0053493013
9298-WGMRW,0.0034725924
2369-UAPKZ,0.66839856
3088-LHEFH,0.24999064
2778-OCLGR,0.86166
6583-KQJLK,0.24133009
8544-JNBOX,0.00031125257
6681-ZSEXG,0.0038597742
6139-ZZRBQ,0.0033289713
6116-RFVHN,0.25179952
0637-KVDLV,0.90925527
8884-FEEWR,0.0085910605
3125-RAHBV,0.00073485955
6633-MPWBS,0.5119135
0373-AIVNJ,0.037912674
8785-EPNCG,0.08285405
1682-VCOIO,0.0003270192
5729-KLZAR,0.6279745
2072-ZVJJX,0.001581327
8849-AYPTR,0.17635773
9518-IMLHK,0.06773881
1582-RAFML,0.6853081
3646-ITDGM,0.06317934
8740-CRYFY,0.9500173
3569-VLDHH,0.030254062
8224-KDLKN,0.00036442743
7594-LZNWR,0.18915771
4001-TSBTV,0.104126066
2962-XPMCQ,0.77455723
8727-XDPUD,0.010391756
1043-UXOVO,0.0016125093
1064-FBXNK,0.034335796
3996-ZNWYK,0.00050068105
2878-DHMIN,0.0011621127
7762-ONLJY,0.008083271
1678-FYZOW,0.8894078
5795-BKOYE,0.0034468884
8627-EHGIP,0.6711681
7402-PWYJJ,0.059309483
5480-TBGPH,0.64453286
0018-NYROU,0.37751728
7501-VTYLJ,0.15337993
7608-RGIRO,0.00091212697
0480-BIXDE,0.33069608
5895-QSXOD,0.16776928
9814-AOUDH,0.07694473
6175-IRFIT,0.37224317
8760-ZRHKE,0.010937817
1622-HSHSF,0.38387385
8854-CCVSQ,0.615748
6749-UTDVX,0.052995954
5542-DHSXL,0.13214284
9102-OXKFY,0.09003326
0511-JTEOY,0.7175917
5216-WASFJ,0.8186113
7808-DVWEP,0.04139666
7067-KSAZT,0.51420826
2284-VFLKH,0.056288008
0366-NQSHS,0.10053231
6532-YLWSI,0.65715426
3807-BPOMJ,0.16905706
3892-NXAZG,0.0039012306
4948-WBBKL,0.41526625
4182-BGSIQ,0.18285078
9300-AGZNL,0.9966382
0988-AADSA,0.0013417215
9972-NKTFD,0.08804473
3717-LNXKW,0.20803416
5734-EJKXG,0.021250496
2207-RYYRL,0.0038805944
6729-FZWSY,0.0033928307
9695-IDRZR,0.01206775
8144-DGHXP,0.00409046
7814-LEEVE,0.29030314
1112-CUNAO,0.7708448
5175-AOBHI,0.5455844
5174-RNGBH,0.2653183
8631-WUXGY,0.22593437
7270-BDIOA,0.8201603
9565-JSNFM,0.59455776
5906-DVAPM,0.005505641
6654-QGBZZ,0.40619275
8348-JLBUG,0.041796163
0607-DAAHE,0.7535654
5641-DMBFJ,0.016737537
9200-NLNPD,0.38298747
2664-XJZNO,0.002980113
9732-KPKBW,0.6675017
3339-EAQNV,0.013635424
0921-OHLVP,0.31309137
3389-YGYAI,0.8905481
9560-ARGQJ,0.52114123
8350-NYMVI,0.08001911
1600-DILPE,0.15224189
0536-ESJEP,0.0072743385
4654-GGUII,0.013118535
6478-HRRCZ,0.02828577
8510-BBWMU,0.0018727899
6857-TKDJV,0.00034008824
2360-RDGRO,0.1738172
0584-BJQGZ,0.116060786
5134-IKDAY,0.9777182
1360-XFJMR,0.1780793
3070-DVEYC,0.647941
5730-RIITO,0.27398235
9058-MJLZC,0.50716203
5707-ORNDZ,0.43619666
0902-XKXPN,0.0012434983
5177-RVZNU,0.0065120854
0056-EPFBG,0.0023891623
8993-IZEUX,0.25964382
8696-JKZNU,0.83341706
5380-AFSSK,0.7229536
8190-ZTQFB,0.09486244
0931-MHTEM,0.25209093
2055-PDADH,0.47364494
7515-LODFU,0.0003810708
0440-UEDAI,0.04732714
1337-BOZWO,0.020450512
0868-VJRDR,0.04401037
8714-EUHJO,0.5897518
6344-SFJVH,0.06315656
3950-VPYJB,0.004886435
8041-TMEID,0.020489506
7321-ZNSLA,0.004035913
6941-KXRRV,0.19376022
3721-CNEYS,0.7240255
8727-JQFHV,0.002733203
9475-NNDGC,0.27439404
1355-KUSBG,0.2377582
3688-FTHLT,0.07859209
0899-LIIBW,0.15808967
2568-OIADY,0.8639179
1384-RCUXW,0.20552471
5825-XJOCM,0.080690466
6848-YLDFR,0.0069373176
8125-QPFJD,0.0035099653
2320-YKQBO,0.31347972
1193-RTSLK,0.78956014
2302-ANTDP,0.60498524
5923-GXUOC,0.9694118
4973-RLZVI,0.09521994
7869-ZYDST,0.14866793
4501-UYKBC,0.030175734
1215-EXRMO,0.0017209264
2305-MRGLV,0.068754464
8404-VIOMB,0.0007289217
5233-GEEAX,0.77891743
2359-KLTEK,0.06158886
5304-EFJLP,0.021873226
2673-ZALNP,0.014525917
9184-GALIL,0.012201356
4393-RYCRE,0.20766492
9746-MDMBK,0.15240507
3162-ZJZFU,0.06577436
8404-GFGCZ,0.18423894
8875-AKBYH,0.6422581
4432-ADRLB,0.8349424
0533-UCAAU,0.04091553
1394-SUIUH,0.3256539
3521-MNKLV,0.037875246
2533-TIBIX,0.22894552
8993-PHFWD,0.6470328
1565-RHDJD,0.9173435
7137-RYLPP,0.8943119
3765-JXVKY,0.92882687
5092-STPKP,0.057202984
7330-WZLNC,0.832738
0114-PEGZZ,0.1950243
3359-DSRKA,0.003736313
8639-NHQEI,0.010538956
7161-DFHUF,0.0018617575
3957-LXOLK,0.9342867
3720-DBRWL,0.0010270968
6635-MYYYZ,0.33909813
8565-WUXZU,0.0017757508
5281-BUZGT,0.7527979
4994-OBRSZ,0.0075709294
0562-FGDCR,0.0012986925
2436-QBZFP,0.09260659
3420-YJLQT,0.7453387
6040-CGACY,0.08307333
6582-PLFUU,0.0033967558
8242-PDSGJ,0.008807836
0264-CNITK,0.0019041281
0089-IIQKO,0.32926652
7839-NUIAA,0.08294633
6075-QMNRR,0.022852574
5378-IKEEG,0.8161287
5966-EMAZU,0.03446298
0440-EKDCF,0.004047045
4774-HHGGS,0.000602481
2718-GAXQD,0.5036348
2055-BFOCC,0.015024743
8180-AKMJV,0.40771812
4298-OYIFC,0.42646712
5566-SOEZD,0.018046211
9842-EFSYY,0.36088908
2272-WUSPA,0.005084608
4584-LBNMK,0.041490205
3898-GUYTS,0.24404038
0930-EHUZA,0.033908777
6413-XKKPU,0.8311991
9975-SKRNR,0.13441189
3703-KBKZP,0.32344568
1449-XQEMT,0.6783524
2626-URJFX,0.79426277
4973-MGTON,0.0011187796
3682-YEUWS,0.021816663
1223-UNPKS,0.000329234
2612-RRIDN,0.741048
4735-ASGMA,0.6531778
3446-QDSZF,0.33162537
3669-LVWZB,0.872672
6892-EZDTG,0.8967231
5117-IFGPS,0.6012628
7379-FNIUJ,0.3263988
1627-AFWVJ,0.0007494446
9725-SCPZG,0.9163258
5884-GCYMI,0.87185854
3217-FZDMN,0.91979754
4486-EFAEB,0.018297594
0060-FUALY,0.06907795
7853-GVUDZ,0.7533101
7480-QNVZJ,0.8161053
6954-OOYZZ,0.18880251
7088-FBAWU,0.047622833
8313-AFGBW,0.0037946142
3943-KDREE,0.51466995
9239-ZBZZV,0.748743
3097-IDVPU,0.26681575
4398-HSCJH,0.55220157
2197-OMWGI,0.09057201
2303-PJYHN,0.12567356
9795-VOWON,0.037195884
1237-WIYYZ,0.02494527
1987-AUELQ,0.002456788
7852-LECYP,0.7808511
4430-UZIPO,0.8477047
4822-LPTYJ,0.018075611
8165-CBKXO,0.008796956
6527-PZFPV,0.003627246
4855-SNKMY,0.5291746
9593-CVZKR,0.0027153755
8595-SIZNC,0.022340314
8008-HAWED,0.6303841
7124-UGSUR,0.38496697
1862-SKORY,0.70723706
5236-XMZJY,0.07060411
4827-DPADN,0.0041148583
2694-CIUMO,0.15040198
5846-ABOBJ,0.00044004986
1439-LCGVL,0.001204252
0909-SDHNU,0.12282106
4647-XXZAM,0.08032839
1502-XFCVR,0.83047014
7740-KKCXF,0.050120443
5360-XGYAZ,0.001865686
9692-TUSXH,0.68194133
7912-SYRQT,0.7706699
3557-HTYWR,0.006122433
4816-JBHOV,0.8369311
8920-NAVAY,0.016373018
1699-TLDLZ,0.0005753968
5600-PDUJF,0.32650235
8292-TYSPY,0.57464135
0567-XRHCU,0.0072765774
1867-BDVFH,0.4652351
2067-QYTCF,0.12269805
2359-QWQUL,0.42670974
9103-TCIHJ,0.613971
7407-SUJIZ,0.0055990475
9150-KPBJQ,0.0006347879
0052-DCKON,0.2558934
3654-ARMGP,0.0023242813
9699-UBQFS,0.3864995
9367-TCUYN,0.21746428
1261-FWTTE,0.37967548
3528-HFRIQ,0.06044625
0708-SJDIS,0.25558123
4140-WJAWW,0.63481003
2073-QBVBI,0.38170725
6928-ONTRW,0.00035364518
3320-VEOYC,0.38381657
5231-FIQPA,0.00050520705
6617-WLBQC,0.019225635
2599-CIPQE,0.0055911206
6653-CBBOM,0.72466105
8774-GSBUN,0.0010619421
7326-RIGQZ,0.4322337
1401-FTHFQ,0.0014633588
3247-ZVOUO,0.89482427
0254-FNMCI,0.009065051
1848-LBZHY,0.1624541
6101-IMRMM,0.8949234
8118-TJAFG,0.05671897
5429-LWCMV,0.36891553
7298-IZWLY,0.6702556
9758-MFWGD,0.1650325
3955-JBZZM,0.31861433
1268-ASBGA,0.7857695
8943-URTMR,0.8569451
4815-TUMEQ,0.050035663
4713-LZDRV,0.8544507
9909-IDLEK,0.0755468
4092-OFQZS,0.0011191356
1561-BWHIN,0.002479893
4325-NFSKC,0.623015
9927-DSWDF,0.20846204
9500-LTVBP,0.108695656
7252-NTGSS,0.5071755
8149-AIQCG,0.72590494
1360-JYXKQ,0.08808044
2955-PSXOE,0.6262452
7762-URZQH,0.87235796
0899-WZRSD,0.031905174
3255-GRXMG,0.14273542
4828-FAZPK,0.19404137
6094-ZIVKX,0.013001459
6925-BAYGL,0.078139335
3262-EIDHV,0.006072081
7354-OIJLX,0.41460305
1376-HHBDV,0.041088175
6907-NZZIJ,0.8169317
6133-OZILE,0.14469689
4135-FRWKJ,0.04049598
2911-UREFD,0.28875348
3744-ZRRDZ,0.48045313
5673-TIYIB,0.7976792
6551-ZCOTS,0.016738644
7191-ADRGF,0.07052165
5018-LXQQG,0.13141455
6892-BOGQE,0.00046813773
1602-IJQQE,0.7021331
4628-WQCQQ,0.20952147
1746-TGTWV,0.46347293
5995-SNNEW,0.39768207
8050-WYBND,0.16810487
2821-WARNZ,0.00028863203
4879-GZLFH,0.09312731
1644-IRKSF,0.547909
8314-HTWVE,0.003716945
9402-ROUMJ,0.12754636
2507-QZPQS,0.13843308
7159-NOKYQ,0.061063156
5707-ZMDJP,0.00087914325
8779-YIQQA,0.0021996421
7136-IHZJA,0.006401798
8966-OIQHG,0.016749863
7074-STDCN,0.1392083
3705-PSNGL,0.0004496484
8739-QOTTN,0.12104818
1399-OUPJN,0.020509293
0277-BKSQP,0.4539349
6502-HCJTI,0.8920202
2606-RMDHZ,0.526902
5774-XZTQC,0.033944968
2676-SSLTO,0.004649054
6266-QHOJZ,0.008316141
7269-JISCY,0.038126774
0363-SVHYR,0.0006009876
8547-NSBBO,0.043587837
8258-GSTJK,0.9324199
6861-OKBCE,0.37709662
9940-RHLFB,0.7938955
6591-QGOYB,0.17549497
9070-BCKQP,0.0017078707
6421-SZVEM,0.051468
1328-EUZHC,0.0015564153
2995-UPRYS,0.68253994
8878-RYUKI,0.08033242
9633-DENPU,0.36427227
7811-JIVPF,0.081253156
7113-HIPFI,0.00020363386
8541-QVFKM,0.6154382
6686-YPGHK,0.8453784
1383-EZRWL,0.19338307
9258-CNWAC,0.0047646263
5371-VYLSX,0.42784658
6374-AFWOX,0.011613481
4759-TRPLW,0.70999223
5317-FLPJF,0.0009298154
7621-VPNET,0.19191228
6034-YMTOB,0.36648068
8563-IIOXK,0.4452448
4903-CNOZC,0.008320691
4353-HYOJD,0.025830384
8020-BWHYL,0.7278298
7267-FRMJW,0.0029737258
2982-VPSGI,0.9645708
4188-FRABG,0.1319917
8199-ZLLSA,0.17223026
4128-ETESU,0.3575349
0620-DLSLK,0.11144954
4625-EWPTF,0.7942524
5980-NOPLP,0.7359988
3850-OKINF,0.00582262
6892-XPFPU,0.7308906
8010-EZLOU,0.77282465
1156-ZFYDO,0.363216
3295-YVUSR,0.38549313
8016-NCFVO,0.12809888
4119-ZYPZY,0.12752464
5549-ZGHFB,0.0015928601
7577-SWIFR,0.70919144
0303-WMMRN,0.031362765
6408-OTUBZ,0.01233186
5204-HMGYF,0.0071197264
1078-TDCRN,0.24459532
3727-OVPRY,0.005757205
3797-FKOGQ,0.1772042
7622-NXQZR,0.19363837
6196-HBOBZ,0.01071352
3970-XGJDU,0.000637917
7017-VFULY,0.03618263
5562-YJQGT,0.12741771
8807-OPMBM,0.0058200257
5439-WIKXB,0.3451522
9874-QLCLH,0.7964919
8294-UIMBA,0.3172391
8109-YUOHE,0.004501212
5840-NVDCG,0.0030638203
8092-NLTGF,0.0013020979
5928-QLDHB,0.5151256
9840-EFJQB,0.32485768
0696-UKTOX,0.12873597
4801-KFYKL,0.018552212
3472-OAOOR,0.013704113
6135-OZQVA,0.19521576
8062-YBDOE,0.92234063
2252-JHJGE,0.15812527
4188-PCPIG,0.0051091146
6000-APYLU,0.65576255
7105-BENQF,0.052136093
7721-DVEKZ,0.23175065
3566-VVORZ,0.17993751
9507-HSMMZ,0.0057843667
2480-SQIOB,0.5639417
0947-IDHRQ,0.6189415
7813-TKCVO,0.0025405043
0128-MKWSG,0.0712437
3672-YITQD,0.8351449
4350-ZTLPI,0.050125577
9048-JVYVF,0.40395403
0361-HJRDX,0.0106853815
5727-MYATE,0.00074316864
3823-KYNQY,0.021380005
8988-ECPJR,0.739879
7570-WELNY,0.00836988
3021-VLNRJ,0.022108128
3776-EKTKM,0.90911376
2080-CAZNM,0.8653104
1028-FFNJK,0.35016313
6907-FLBER,0.71454376
3001-UNBTL,0.3571411
5982-PSMKW,0.0028593577
3507-GASNP,0.0026185638
7096-ZNBZI,0.0012177682
1902-XBTFB,0.69577795
1676-MQAOA,0.0006411591
0786-IVLAW,0.01966686
7566-DSRLQ,0.0050635356
0643-OKLRP,0.7557927
7245-JMTTQ,0.09666015
6050-IJRHS,0.029358517
6202-JVYEU,0.02989212
8591-TKMZH,0.009438528
0734-OXWBT,0.22640143
4282-ACRXS,0.10026839
0365-TRTPY,0.0865246
7349-ALMUX,0.005884691
9381-NDKME,0.31546456
6502-KUGLL,0.04525976
1841-YSJGV,0.0049939943
2794-XIMMO,0.81601787
8382-SHQEH,0.9210115
3511-BFTJW,0.0023894883
7668-XCFYV,0.50641394
2983-ZANRP,0.92466253
7845-URHJN,0.19721189
3034-ZBEQN,0.44501185
5018-HEKFO,0.035584215
2923-ARZLG,0.012896182
3976-NLDEZ,0.41756156
2282-YGNOR,0.0051782066
5336-UFNZP,0.06426317
6854-EXGSF,0.023426075
1241-EZFMJ,0.0029486876
9233-PSYHO,0.13768725
5376-PCKNB,0.016018592
8044-BGWPI,0.073366374
4060-LDNLU,0.7568133
3589-PPVKW,0.27001944
8327-LZKAS,0.32430527
5887-IKKYO,0.06373861
1075-BGWOH,0.890915
1755-RMCXH,0.06828569
0302-JOIVN,0.945904
3858-XHYJO,0.18301183
4299-SIMNS,0.28800896
7025-IWFHT,0.06985021
6261-LHRTG,0.057276554
7841-FCRQD,0.028735211
2056-EVGZL,0.036513608
8777-MBMTS,0.10356291
7753-USQYQ,0.10511756
5366-IJEQJ,0.6978637
7661-CPURM,0.057642616
6233-HXJMX,0.20244703
5902-WBLSE,0.00027254462
1981-INRFU,0.88440186
4971-PUYQO,0.6664241
3239-TPHPZ,0.0010151269
5115-GZDEL,0.004172774
3338-CVVEH,0.3844434
8485-GJCDN,0.5430595
2615-YVMYX,0.026210282
2851-STERV,0.17851205
4393-GEADV,0.06548221
8486-AYEQH,0.5851404
1527-SXDPN,0.6528926
6029-WTIPC,0.71171135
8634-CILSZ,0.5943687
5419-JKZNQ,0.22179571
2495-KZNFB,0.2845604
1409-PHXTF,0.21346273
4560-WQAQW,0.012371403
9591-YVTEB,0.34973124
9309-BZGNT,0.0054624807
4274-DRSQT,0.058902953
2027-DNKIV,0.008875885
8075-GXIUB,0.022310495
2885-HIJDH,0.007407255
5424-RLQLC,0.09862567
6682-QJDGB,0.060012825
6507-DTJZV,0.018439708
8780-IXSTS,0.7758603
7673-BQGKU,0.00075278804
6723-WSNTY,0.04459443
9530-EHPOH,0.37217847
2725-IWWBA,0.017366257
0345-HKJVM,0.64161634
1061-PNTHC,0.002547303
0394-YONDK,0.001370435
6574-MCOEH,0.35904166
7399-QHBJS,0.01674778
3049-SOLAY,0.868668
0997-YTLNY,0.041456845
3317-HRTNN,0.33090833
9479-HYNYL,0.0022847545
3235-ETOOB,0.56024927
9708-KFDBY,0.32608134
8058-INTPH,0.9677765
3642-GKTCT,0.010370579
0774-RMNUW,0.0019486878
1334-PDUKM,0.10988794
0756-MPZRL,0.013366657
2242-MFOTG,0.01163182
2927-CVULT,0.050007593
2144-BFDSO,0.06315676
8745-PVESG,0.019282784
7647-GYYKX,0.00875363
5647-FXOTP,0.47982338
5569-OUICF,0.8346985
8821-XNHVZ,0.93292564
2082-OJVTK,0.6561597
9700-ISPUP,0.080622315
9839-ETQOE,0.5386067
6078-VESFR,0.14428505
9027-TMATR,0.0013304206
5940-NFXKV,0.81568927
1941-HOSAM,0.5024224
9110-HSGTV,0.018998059
0704-VCUMB,0.0008703396
6171-ZTVYB,0.024246918
8053-WWDRO,0.5690669
9564-KCLHR,0.7105433
1935-IMVBB,0.06435034
2535-PBCGC,0.0048512626
2082-CEFLT,0.8644357
1470-PSXNM,0.112983756
1213-NGCUN,0.5362879
2498-XLDZR,0.0048553897
9866-OCCKE,0.0020600392
5338-YHWYT,0.0049990434
7718-UPSKJ,0.036674485
8731-WBBMB,0.024409227
1448-CYWKC,0.065142736
7901-IIDQV,0.07341109
2690-DVRVK,0.0037374634
5688-KZTSN,0.062043376
1270-XKUCC,0.009337669
0334-ZFJSR,0.019541113
2894-QOJRX,0.82039535
5747-PMBSQ,0.9477129
5583-EJXRD,0.031104434
4565-EVZMJ,0.14568894
3143-JQEGI,0.79728425
6386-SZZKH,0.05368352
3327-YBAKM,0.0053688316
9441-QHEVC,0.07060154
6705-LNMDD,0.009478605
2580-ASVVY,0.001012627
3370-GQEAL,0.46030018
5032-USPKF,0.178925
2982-IHMFT,0.9490714
3521-SYVOR,0.6956963
4254-QPEDE,0.00048245408
6283-GITPX,0.001572591
9526-JAWYF,0.4481017
0771-CHWSK,0.09853504
9788-HNGUT,0.020364724
9495-REDIY,0.032190386
5375-XLDOF,0.297786
1172-VIYBP,0.010523533
5649-VUKMC,0.9259188
6559-PDZLR,0.28548887
8992-OBVDG,0.04081482
4273-MBHYA,0.75862527
4724-WXVWF,0.12189128
5701-GUXDC,0.04363673
1460-UZPRJ,0.00502871
6082-GLJIX,0.026768554
5143-EGQFK,0.7587089
4919-IKATY,0.8037285
2495-TTHBQ,0.008751955
0485-ZBSLN,0.00071828166
3810-PJUHR,0.0009372945
9050-QLROH,0.519774
0847-HGRML,0.0028331964
8232-CTLKO,0.008737406
9227-YBAXE,0.022514494
6168-WFVVF,0.567583
9860-LISIZ,0.03586101
0112-QAWRZ,0.35101643
0877-SDMBN,0.6241868
2786-GCDPI,0.20459947
4043-MKDTV,0.015150239
8065-YKXKD,0.80614054
9637-EIHEQ,0.8114608
9229-RQABD,0.005640558
8313-KTIHG,0.1421939
5320-BRKGK,0.00026548482
6284-KMNUF,0.16015284
9689-PTNPG,0.7512154
9465-RWMXL,0.6053053
6229-UOLQL,0.009391606
2362-IBOOY,0.8294005
3137-LUPIX,0.21574956
0843-WTBXE,0.6558633
6143-JQKEA,0.5190241
8676-OOQEJ,0.17090894
5515-IDEJJ,0.5402843
9701-CDXHR,0.018175898
7450-NWRTR,0.9712478
8124-NZVGJ,0.1271486
2162-FRZAA,0.003826208
5376-DEQCP,0.80579835
5118-MUEYH,0.13155696
9095-HFAFX,0.74817485
5627-TVBPP,0.005377929
2379-ENZGV,0.7789263
3936-QQFLL,0.07007551
2589-AYCRP,0.021025585
4067-HLYQI,0.4783862
5124-EOGYE,0.0016473399
5057-RKGLH,0.0018053941
0292-WEGCH,0.01780745
8910-ICHIU,0.0364764
4097-YODCF,0.29530004
9715-WZCLW,0.007417478
9786-YWNHU,0.00044328754
6407-GSJNL,0.0029663735
6005-OBZPH,0.8676605
4049-ZPALD,0.0072165425
7932-WPTDS,0.8668776
3733-UOCWF,0.019305274
6833-JMZYP,0.41283694
2722-VOJQL,0.10871235
1310-QRITU,0.35092282
8961-QDZZJ,0.12660822
9715-SBVSU,0.0008578492
8490-BXHEO,0.24493161
7173-TETGO,0.012139752
7929-SKFGK,0.028552184
2300-RQGOI,0.0022366438
3563-SVYLG,0.00046184813
5228-EXCET,0.031468853
6435-VWCCY,0.08506964
4998-IKFSE,0.154919
8630-QSGXK,0.0075564263
2455-USLMV,0.19446264
7394-FKDNK,0.8849412
9488-FVZCC,0.0008340644
6331-LWDTQ,0.58466536
5995-WWKKG,0.011162368
1597-FZREH,0.639492
7879-CGSFV,0.027444536
9921-EZKBY,0.1988161
7432-FFVAR,0.021640796
7246-ZGQDF,0.32604343
7000-WCEVQ,0.6043982
0727-IWKVK,0.81501526
5959-BELXA,0.8150731
4456-RHSNB,0.02420412
3512-IZIKN,0.42008284
2481-SBOYW,0.0013263962
7109-MFBYV,0.086187296
1833-TCXKK,0.22723655
1832-PEUTS,0.014971792
6141-OOXUQ,0.29026073
8660-BUETV,0.17346023
0580-PIQHM,0.013785922
5696-CEIQJ,0.0018967729
7503-ZGUZJ,0.89840233
1696-HXOWK,0.0010433765
3026-ATZYV,0.017513348
4012-YCFAI,0.0010065559
2506-TNFCO,0.95593554
9970-QBCDA,0.04290987
8718-PTMEZ,0.5761339
9496-IVVRP,0.17705388
2207-OBZNX,0.18686065
2657-VPXTA,0.18668057
6551-VLJMV,0.00090472604
1221-GHZEP,0.0047716973
9289-LBQVU,0.0476564
6142-VSJQO,0.79972714
3458-IDMFK,0.0031911647
6933-FHBZC,0.011109171
0221-NAUXK,0.055026855
9770-KXGQU,0.011816305
6437-UKHMV,0.8694921
6538-POCHL,0.30036312
6726-NNFWD,0.029008742
3002-WQZWT,0.29370043
4277-UDIEF,0.027599152
1208-NBVFH,0.1651619
4912-PIGUY,0.86991256
1114-CENIM,0.49163967
6060-DRTNL,0.8192392
2725-TTRIQ,0.0033785226
3374-TTZTK,0.15490036
8990-ZXLSU,0.17971542
2275-RBYQS,0.5813978
8473-VUVJN,0.8680749
6289-CPNLD,0.6649778
5536-SLHPM,0.5779529
4419-UJMUS,0.022147574
7794-JASDG,0.3649642
7609-YBPXG,0.0128912665
5519-TEEUH,0.0014775707
7856-GANIL,0.059234414
0804-XBFBV,0.14984234
2676-OXPPQ,0.046796747
3703-TTEPD,0.080215015
2799-TSLAG,0.0023884906
0196-VULGZ,0.8797761
8837-VVWLQ,0.65929914
2696-NARTR,0.6983991
2208-NKVVH,0.0038235064
7614-QVWQL,0.5695995
1976-CFOCS,0.72462183
4631-OACRM,0.7388749
7139-JZFVG,0.004169385
4987-GQWPO,0.061311487
3755-JBMNH,0.74744767
1757-TCATG,0.00090009545
6345-ULYRW,0.4634985
4776-XSKYQ,0.10529986
8048-DSDFQ,0.35430065
5753-QQWPW,0.009312731
6010-DDPPW,0.0015281376
1809-DMJHQ,0.34267408
6693-FRIRW,0.4424938
6586-MYGKD,0.08262192
3173-NVMPX,0.12478124
0248-PGHBZ,0.048416357
0623-GDISB,0.2902677
2892-GESUL,0.0024828424
6923-EFPNL,0.33550975
7472-EQOAV,0.0016175723
9574-RKJIF,0.7124735
2043-WVTQJ,0.17476183
8034-RYTVV,0.019469183
3863-QSTYI,0.01271869
2619-WFQWU,0.73773265
5044-LRQAQ,0.41639578
1716-LSAMB,0.08363338
1333-PBMXB,0.025329746
6546-OPBBH,0.0062066168
5985-BEHZK,0.028758744
9127-QRZMH,0.036012065
5919-VCZYM,0.01435015
9644-KVCNC,0.051888414
2137-DQMEV,0.007135772
8174-LNWMW,0.043199245
9279-CJEOJ,0.31250516
7964-VEXDG,0.20256098
2404-JIBFC,0.026333448
0778-NELLA,0.80359626
8029-XYPWT,0.006987316
4614-NUVZD,0.96125257
4632-PAOYU,0.0008194287
3803-KMQFW,0.6749148
6804-GDMOI,0.720763
2990-OGYTD,0.0033943194
6646-JPPHA,0.13312405
9572-MTILT,0.09018996
7658-UYUQS,0.087230735
7880-XSOJX,0.33701745
9611-CTWIH,0.8426191
4589-IUAJB,0.0007385887
0329-GTIAJ,0.9014815
8746-BFOAJ,0.0035744861
8457-XIGKN,0.050430976
6072-NUQCB,0.00974708
6629-CZTTH,0.6326186
8838-GPHZP,0.0011353537
8750-QWZAJ,0.0026146702
5364-EVNIB,0.4802324
6918-UMQCG,0.6844155
0675-NCDYU,0.0063343733
6339-DKLMK,0.3283654
1346-PJWTK,0.03274315
5088-QZLRL,0.18120988
8023-QHAIO,0.042744134
4397-FRLTA,0.046492167
3057-VJJQE,0.021124644
5087-SUURX,0.78918475
2302-OUZXB,0.014520627
8133-ANHHJ,0.05486873
2270-CHBFN,0.04750138
0013-EXCHZ,0.74047303
5982-FPVQN,0.40374717
9107-UKCKY,0.030290512
4654-ULTTN,0.046474658
5550-VFRLC,0.8580081
5546-BYZSM,0.010368681
1492-KGETH,0.015555071
4929-BSTRX,0.6844309
4163-HFTUK,0.0049255365
8215-NGSPE,0.00014685903
2225-ZRGSG,0.76378417
8859-YSTWS,0.059206165
5271-YNWVR,0.3613577
7601-DHFWZ,0.0019139443
2657-ALMWY,0.56857944
6330-JKLPC,0.45539385
4667-OHGKG,0.661834
1998-VHJHK,0.0016820064
1707-HABPF,0.04476503
1660-HSOOQ,0.57204217
7253-UVNDW,0.47637352
0487-VVUVK,0.016701343
7228-OMTPN,0.6925573
5063-IUOKK,0.00059961644
4508-OEBEY,0.021066966
0027-KWYKW,0.43336043
2308-STERM,0.21216843
5982-XMDEX,0.0032706498
6284-AHOOQ,0.6839668
6051-PTVNS,0.00041829236
2344-JMOGN,0.8301852
3799-ISUZQ,0.54339665
2877-VDUER,0.07172404
9152-AMKAK,0.015433846
1794-HBQTJ,0.58102304
9432-VOFYX,0.49325302
8049-WJCLQ,0.048218988
6586-PSJOX,0.021267531
2460-FPSYH,0.75849843
9705-ZJBCG,0.03363426
4818-DRBQT,0.16020568
1320-HTRDR,0.82820153
6847-KJLTS,0.22333507
9670-BPNXF,0.1191831
3913-FCUUW,0.0020089527
3301-VKTGC,0.017964965
1493-AMTIE,0.6276613
9555-SAHUZ,0.054037362
0816-TSPHQ,0.050932776
9932-WBWIK,0.04661175
4619-EVPHY,0.071993016
5286-YHCVC,0.04588527
6424-ELEYH,0.85373247
4391-RESHN,0.67946565
9115-YQHGA,0.058055654
4462-CYWMH,0.07396613
8963-MQVYN,0.021357816
2458-EOMRE,0.0861417
9334-GWGOW,0.59804714
6821-BUXUX,0.51362
5028-HTLJB,0.7180154
9801-GDWGV,0.30455363
6542-LWGXJ,0.1920896
5567-GZKQY,0.005353121
1222-LRYKO,0.06150964
2320-JRSDE,0.7629438
2087-QAREY,0.10384652
0601-WZHJF,0.20007913
4423-JWZJN,0.026236972
5143-WMWOG,0.3426851
6490-FGZAT,0.0827464
5393-RXQSZ,0.96016026
7452-FOLON,0.0069025466
2320-TZRRH,0.002160076
0231-LXVAP,0.8298676
9444-JTXHZ,0.9481782
4942-VZZOM,0.013492518
5510-BOIUJ,0.024978856
7502-BNYGS,0.04256704
4291-HYEBC,0.022679428
6147-CBCRA,0.036652137
6047-SUHPR,0.06055981
4471-KXAUH,0.62944126
9752-ZNQUT,0.359557
7638-QVMVY,0.8870521
1576-PFZIW,0.022825241
5666-MBJPT,0.0040389886
7312-XSBAT,0.11539605
3096-GKWEB,0.40811485
2371-JQHZZ,0.61175966
0674-GCDXG,0.006474446
1121-QSIVB,0.14567393
4396-KLSEH,0.254292
3244-DCJWY,0.72466105
2824-MYYBN,0.3394737
0875-CABNR,0.47612205
6345-HOVES,0.019396171
8318-LCNBW,0.019861393
6469-QJKZW,0.009363853
0147-ESWWR,0.11205177
1217-VASWC,0.06574521
7812-FZHPE,0.30981737
6370-ZVHDV,0.0019704707
5915-DGNVC,0.048846167
6260-XLACS,0.012281666
3566-CAAYU,0.043336425
4983-CCWMC,0.19735159
9103-CXVOK,0.3407288
2896-TBNBE,0.018816968
4797-AXPXK,0.77028847
5229-PRWKT,0.7604058
6982-UQZLY,0.86794335
2522-WLNSF,0.03606486
3841-CONLJ,0.6797266
5057-LCOUI,0.62269515
0193-ESZXP,0.6014399
4475-NVTLU,3.552951e-05
4369-HTUIF,0.5907709
9386-LDCZR,0.008339788
9585-KKMFD,5.3283253e-05
5399-ZIMKF,0.43524784
0336-KXKFK,0.002013017
5619-XZZKR,0.003102353
3948-FVVRP,0.12589575
5327-XOKKY,0.053522233
0983-TATYJ,0.044514116
1813-JYWTO,0.011349343
0156-FVPTA,0.690656
1984-FCOWB,0.76580745
0654-HMSHN,0.7059421
6719-OXYBR,0.4044661
3312-ZWLGF,0.16831642
6476-YHMGA,0.044160925
5287-QWLKY,0.008249835
0795-XCCTE,0.0010303844
0168-XZKBB,0.41517198
3785-NRHYR,0.29026073
5196-SGOAK,0.92620486
4537-DKTAL,0.36719626
7072-MBHEV,0.029281352
5602-BVFMK,0.03377892
6297-NOOPG,0.1602995
1891-UAWWU,0.28138342
8204-TIFGJ,0.010324386
8050-DVOJX,0.011165826
6108-OQZDQ,0.9077927
0363-QJVFX,0.4218761
8903-XEBGX,0.7609757
8169-SAEJD,0.025392922
9840-DVNDC,0.7046716
1089-XZWHH,0.0015774373
2325-WINES,0.102853075
6064-ZATLR,0.005487835
3096-JRDSO,0.86272055
7824-PANSQ,0.07038056
8042-JVNFH,0.78199565
9648-BCHKM,0.027186409
2888-ADFAO,0.0221688
8707-HOEDG,0.10462106
3374-LXDEV,0.9142063
4072-IPYLT,0.04423851
7167-PCEYD,0.004497325
4936-YPJNK,0.059400346
1580-BMCMR,0.38364753
4817-KEQSP,0.0042623775
6408-WHTEF,0.00019141051
9251-AWQGT,0.00012231423
8749-CLJXC,0.2585894
7989-VCQOH,0.11142921
5049-GLYVG,0.41756156
4199-QHJNM,0.025553908
8882-TLVRW,0.0036644957
5883-GTGVD,0.7818365
5135-GRQJV,0.004963429
2384-OVPSA,0.0021467255
1371-WEPDS,0.08187594
3580-GICBM,0.004659135
4817-QRJSX,0.8233266
9730-DRTMJ,0.05326926
4686-UXDML,0.4368914
3349-ANQNH,0.37287116
2398-YPMUR,0.43132994
0932-YIXYU,0.0045521944
7480-SPLEF,0.0008084587
7636-XUHWW,0.15685438
1431-CYWMH,0.01669379
5937-EORGB,0.21057446
6349-JDHQP,0.028070202
5539-HIVAK,0.07824569
5847-MXBEO,0.00033249552
9985-MWVIX,0.73773265
4583-PARNH,0.1618002
1116-FRYVH,0.0040920516
1421-HCERK,0.11035613
9633-XQABV,0.49467328
0716-BQNDX,0.09480544
1265-XTECC,0.73311204
1183-CANVH,0.033724982
1972-XMUWV,0.035841357
8679-LZBMD,0.0614331
3407-JMJQQ,0.046268184
6252-DFGTK,0.018915396
1539-LNKHM,0.043428402
8645-KOMJQ,0.0037891292
0289-IVARM,0.034290086
9761-XUJWD,0.034881312
4057-FKCZK,0.153343
4291-TPNFG,0.0004469193
6087-YPWHO,0.0017802666
3090-QFUVD,0.11637484
2237-ZFSMY,0.33706826
1722-LDZJS,0.010872523
1818-ESQMW,0.23016383
4871-JTKJF,0.93815935
1415-YFWLT,0.9141489
7401-RUBNK,0.21683417
0506-YLVKJ,0.00016618561
8661-BOYNW,0.003630023
6711-VTNRE,0.68971455
4815-GBTCD,0.26235333
2805-AUFQN,0.008315205
0980-PVMRC,0.12573382
7233-DRTRF,0.6800739
3500-RMZLT,0.81738275
3873-NFTGI,0.043990046
1162-ECVII,0.028594553
7048-GXDAY,0.7203613
8571-ZCMCX,0.013553827
1169-WCVAK,0.047447603
4548-SDBKE,0.94778395
8066-POXGX,0.7544175
7129-CAKJW,0.044500135
8695-ARGXZ,0.5433608
3570-YUEKJ,0.1268802
4143-OOBWZ,0.8637504
1555-HAPSU,0.0003710273
1697-NVVGY,0.113988414
7854-EKTJL,0.66570294
8464-EETCQ,0.03867738
2419-FSORS,0.11273268
8132-YPVBX,0.40653038
9102-IAYHT,0.9067142
6754-LZUKA,0.010689213
3422-LYEPQ,0.94064677
8099-MZPUJ,0.12163156
0787-LHDYT,0.05243955
2642-DTVCO,0.9456971
0374-IOEGQ,0.29894337
4361-JEIVL,0.76727676
3197-NNYNB,0.039634947
3396-DKDEL,0.011932691
1752-OZXFY,0.004450788
9066-QRSDU,0.014009052
9112-WSNPU,0.343699
9867-NNXLC,0.0033393137
5321-NTRKC,0.1231779
1363-TXLSL,0.44077665
9507-EXLTT,0.98571026
3161-GETRM,0.21162742
0402-OAMEN,0.0005493284
6933-VLYFX,0.06121224
6754-WKSHP,0.12023673
9846-GKXAS,0.74537
6017-PPLPX,0.76805335
4976-LNFVV,0.10218987
5055-MGMGF,0.16155452
4641-FROLU,0.0016825253
2862-JVEOY,0.004793513
2969-QWUBZ,0.2677091
9822-BIIGN,0.0746655
2077-MPJQO,0.35320944
1534-OULXE,0.029272417
7136-RVDTZ,0.7906071
2971-SGAFL,0.13224593
1480-IVEVR,0.14475653
2905-KFQUV,0.8151984
4581-SSPWD,0.8249975
3370-HXOPH,0.7088157
9391-YZEJW,0.10949693
9958-MEKUC,0.0032918057
0281-CNTZX,0.0018840045
6927-WTFIV,0.17998792
4118-CEVPF,0.022796888
3398-ZOUAA,0.6294572
9114-VEPUF,0.05960089
7876-BEUTG,0.1630337
2338-BQEZT,0.039074138
9873-MNDKV,0.111503236
0378-NHQXU,0.8215055
8241-JUIQO,0.012560188
2194-IIQOF,0.0021472976
4512-ZUIYL,0.9453771
9631-RXVJM,0.001429567
9584-EXCDZ,0.24921624
7969-AULMZ,0.8106387
5093-FEGLU,0.0011035426
2621-UDNLU,0.20166717
7526-IVLYU,0.08537181
2428-HYUNX,0.0010049868
9214-EKVXR,0.41640893
3410-MHHUM,0.20650564
0568-ONFPC,0.6084824
0733-VUNUW,0.49456093
4550-EVXNY,0.9754478
2122-YWVYA,0.15756129
2968-SSGAA,0.977489
2296-DKZFP,0.0167297
4844-JJWUY,0.957435
6777-TGHTM,0.71129006
8909-BOLNL,0.010136458
6603-YRDCJ,0.0041841688
3538-WZPHD,0.3375376
3229-USWAR,0.08964631
2138-VFAPZ,0.0007143615
6131-JLWZM,0.040229905
4785-QRJHC,0.6463179
0269-XFESX,0.0015159048
1709-EJDOX,0.0009559878
4316-XCSLJ,0.050049312
8610-WFCJF,0.7364809
9693-XMUOB,0.29078126
0383-CLDDA,0.03542607
4905-JEFDW,0.7097607
2709-UQGNP,0.18792398
3549-ZTMNH,0.0036805612
7881-INRLC,0.6215284
8033-ATFAS,0.04023401
1635-NZATJ,0.0006113895
0562-HKHML,0.00016305856
8277-RVRSV,0.024454057
9943-VSZUV,0.024848716
0117-LFRMW,0.57949567
6172-FECYY,0.7013132
7054-ENNGU,0.18851537
1455-HFBXA,0.011079639
9402-CXWPL,0.06653946
1628-BIZYP,0.7127287
1965-AKTSX,0.9308534
0082-LDZUE,0.5953066
4786-UKSNZ,0.35430065
5343-SGUBI,0.03409953
0856-NAOES,0.11196144
1976-AZZPJ,0.13807473
7248-VZQLC,0.6894838
6156-UZDLF,0.01484082
3099-OONVS,0.1437584
9500-WBGRP,0.0038183443
5183-KLYEM,0.0011140147
5144-PQCDZ,0.04620871
8514-VZHEB,0.0069642277
6625-IUTTT,0.010783468
9355-NPPFS,0.2199584
0068-FIGTF,0.023327418
5965-GGPRW,0.003817073
8035-PWSEV,0.19144574
2236-HILPA,0.0010465372
1840-BIUOG,0.03855836
1356-MKYSK,0.09453097
6080-LNESI,0.0026805915
1830-IPXVJ,0.0028074526
5828-DWPIL,0.0084272185
8398-TBIYD,0.00484903
0011-IGKFF,0.9607493
4192-GORJT,0.62332404
6496-SLWHQ,0.85278136
9912-GVSEQ,0.7079474
2931-FSOHN,0.05827518
9418-RUKPH,0.006992698
5383-MMTWC,0.84576803
9971-ZWPBF,0.10202465
4712-AUQZO,0.07545098
9711-FJTBX,0.0039210743
2908-ZTPNF,0.05846231
7240-ETPTR,0.64165896
2202-CUYXZ,0.8656627
5995-OIGLP,0.5604835
8421-WZOOW,0.015475783
6261-RCVNS,0.053140305
7951-QKZPL,0.7136432
1414-YADCW,0.015930856
8756-RDDLT,0.08463226
2862-PFNIK,0.48916373
5816-QVHRX,0.13818821
4430-YHXGG,0.030170202
6888-SBYAI,0.42561916
7395-XWZOY,0.14050183
7169-YWAMK,0.0012199867
3640-PHQXK,0.4157435
6877-LGWXO,0.52364904
6859-RKMZJ,0.13444497
2729-VNVAP,0.010614936
2957-JIRMN,0.13402455
2049-BAFNW,0.18555798
3842-QTGDL,0.20547506
7163-OCEQI,0.07947062
9782-LGXMC,0.0401731
5975-BAICR,0.14650267
8019-ENHXU,0.7288736
5167-GBFRE,0.7844934
9033-EOXWV,0.7330904
4673-KKSLS,0.3112434
4853-OITSN,0.6870436
9800-OUIGR,0.000427501
1324-NLTJE,0.7460491
2324-EFHVG,0.052943982
7094-MSZAO,0.09855389
1522-VVDMG,0.38852882
6907-CQGPN,0.018890796
0780-XNZFN,0.009807349
0239-OXEXL,0.09151191
2675-IJRGJ,0.0037275867
7049-GKVZY,0.034301724
8577-QSOCG,0.0075685256
3721-CNZHX,0.0058926353
0212-ISBBF,0.13479654
9185-TQCVP,0.8946691
3585-YNADK,0.008610776
5271-DBYSJ,0.20188996
1099-GODLO,0.0027692637
6828-HMKWP,0.0013467426
5567-WSELE,0.9464071
1472-TNCWL,0.23468803
8063-RJYNF,0.6948175
0687-ZVTHB,0.48984113
2080-GKCWQ,0.15164295
9661-ACXBS,0.440455
2193-SFWQW,0.0011389691
5656-JAMLX,0.004118123
3462-BJQQA,0.7145822
0442-TDYUO,0.0029502527
6733-LRIZX,0.036679145
9503-XJUME,0.00048623316
4367-NHWMM,0.37004328
3727-RJMEO,0.8230835
3779-OSWCF,0.026948566
6736-DHUQI,0.037494652
3915-ODIYG,0.05710967
1360-RCYRT,0.037439805
2724-FJDYW,0.11761246
4451-RWASJ,0.0075952667
6646-VRFOL,0.6864351
3460-TJBWI,0.00076634175
5917-HBSDW,0.031852737
5685-IIXLY,0.82597053
5671-UUNXD,0.1382482
0956-ACVZC,0.12737979
2325-NBPZG,0.35924944
4250-ZBWLV,0.8613846
4482-FTFFX,0.061188497
8859-DZTGQ,0.0026274845
0440-MOGPM,0.07863188
0020-JDNXP,0.010320303
3752-CQSJI,0.05426234
5025-GOOKI,0.052090857
4698-KVLLG,0.0006046869
5095-AESKG,0.86708254
2887-JPYLU,0.03347279
4770-QAZXN,0.040436648
4896-CPRPF,0.0033913897
1871-MOWRM,0.5352671
9714-EDSUC,0.50287485
2027-OAQQC,0.39065447
0282-NVSJS,0.20420884
9090-SGQXL,0.6577006
6595-YGXIT,0.7685738
7353-YOWFP,0.002255142
9835-ZIITK,0.59075755
8008-ESFLK,0.27097118
7537-CBQUZ,0.016989259
1555-DJEQW,0.38088286
5649-TJHOV,0.8215377
0519-XUZJU,0.762276
3363-EWLGO,0.12449558
4750-UKWJK,0.0065196017
6338-AVWCY,0.7054926
1689-YQBYY,0.06305382
4487-ZYJZK,0.0073963488
2959-FENLU,0.26196542
0708-LGSMF,0.47001544
9253-QXKBE,0.774504
7634-HLQJR,0.0041388315
0487-RPVUM,0.07010254
4079-ULGFR,0.039216544
2516-XSJKX,0.0048071924
0057-QBUQH,0.0036419167
9445-SZLCH,0.40578339
6599-SFQVE,0.10311008
8331-ZXFOE,0.013307561
4003-FUSHP,0.08585125
0356-ERHVT,0.101520136
7325-ENZFI,0.0944332
4884-ZTHVF,0.4713021
3920-HIHMQ,0.02826665
3055-OYMSE,0.6609712
0613-WUXUM,0.0020313098
7568-PODML,0.89340764
4458-KVRBJ,0.007939763
5349-IECLD,0.8315253
1397-XKKWR,0.01742449
3945-GFWQL,0.56858104
8097-OMULG,0.010518331
6013-BHCAW,0.01603041
0401-WDBXM,0.0061730687
3387-PLKUI,0.17523107
6096-EGVTU,0.002189468
3797-VTIDR,0.89564514
5081-NWSUP,0.07303431
2580-ATZSQ,0.022646101
8085-MSNLK,0.0059712604
9691-HKOVS,0.023618724
9881-VCZEP,0.110416204
9526-BIHHD,0.3172995
8757-TFHHJ,0.24362262
4523-WXCEF,0.63296497
1468-DEFNC,0.0007515445
5119-KEPFY,0.28659955
8364-TRMMK,0.53313446
0916-KNFAJ,0.0011001796
8319-QBEHW,0.070593864
3063-QFSZL,0.62818456
8775-LHDJH,0.98303556
9625-QNLUX,0.025359686
3097-NQYSN,0.79115903
4024-CSNBY,0.013007456
7110-BDTWG,0.47059542
7493-GVFIO,0.017692804
0690-SRQID,0.07902876
9605-WGJVW,0.45343882
9114-DPSIA,0.00046454635
4700-UBQMV,0.065138176
7711-GQBZC,0.0007246973
3565-UNOCC,0.79655
4627-MIHJH,0.06473937
9795-NREXC,0.030440906
8573-CGOCC,0.0869727
7356-AYNJP,0.024185756
9249-FXSCK,0.13375041
5493-SDRDQ,0.7903385
6286-SUUWT,0.3002772
4819-HJPIW,0.023923384
8654-DHAOW,0.098321706
5438-QMDDL,0.054578125
9812-GHVRI,0.20534667
5553-AOINX,0.091442436
1228-ZLNBX,0.14090738
4226-KKDON,0.0676345
3831-YCPUO,0.004130799
7445-WMRBW,0.044603065
3308-DGHKL,0.0010293365
9924-JPRMC,0.020515468
0080-EMYVY,0.01704933
6218-KNUBD,0.1425647
7337-CINUD,0.0014311383
7609-NRNCA,0.001961274
0623-EJQEG,0.08404307
7153-CHRBV,0.0052735987
0871-URUWO,0.93403065
9190-MFJLN,0.512577
6198-PNNSZ,0.15962528
3317-VLGQT,0.28889516
4132-POCZS,0.061350845
5614-DNZCE,0.0040482813
1095-JUDTC,0.61012274
3896-RCYYE,0.029500168
9638-JIQYA,0.13484804
3258-SANFR,0.20594661
3726-TBHQT,0.012942353
3190-ITQXP,7.6071934e-05
0870-VEMYL,0.61905766
4833-QTJNO,0.06849464
3039-MJSLN,0.014926866
0178-CIIKR,0.075863816
5385-SUIRI,0.37459058
3982-XWFZQ,0.454459
5774-QPLTF,0.00032882587
2322-VCZHZ,0.21595505
5010-IPEAQ,0.012613625
4009-ALQFH,0.8721274
6383-ZTSIW,0.1766105
8990-YOZLV,0.017162554
3069-SSVSN,0.043592308
5222-IMUKT,0.2921973
3627-FCRDW,0.5112528
7562-GSUHK,0.21385786
6685-XSHHU,0.0047167507
8901-UPRHR,0.036204904
4903-UYAVB,0.72801393
0118-JPNOY,0.15282115
6776-TLWOI,0.54140997
3845-FXCYS,0.2552505
5857-XRECV,0.04450132
0725-CXOTM,0.1007995
4343-EJVQB,0.22788921
9000-PLFUZ,0.08308052
3427-GGZZI,0.42449266
7779-ORAEL,0.010783276
0644-OQMDK,0.400158
4077-CROMM,0.7939412
3154-CFSZG,0.25159413
2868-MZAGQ,0.9654228
4847-QNOKA,0.25966024
2220-IAHLS,0.10569936
1658-XUHBX,0.06427804
6379-RXJRQ,0.25405037
2378-HTWFW,0.22778977
8650-RHRKE,0.45119458
4377-VDHYI,0.04351997
0475-RIJEP,0.23839861
1260-TTRXI,0.44955635
3719-TDVQB,0.04698097
6328-ZPBGN,0.896391
0201-MIBOL,0.11077619
4937-QPZPO,0.3446859
2925-VDZHY,0.0010525079
6981-TDRFT,0.46799845
3413-CSSTH,0.17026834
8033-VCZGH,0.20553914
4789-KWMXN,0.5468247
0224-NIJLP,0.0013075373
7542-CYDDM,0.011398129
4718-WXBGI,0.0007353892
2867-UIMSS,0.9276992
8495-PRWFH,0.3094702
0439-IFYUN,0.14444476
5716-LIBJC,0.1248319
2868-LLSKM,0.04683469
8111-RKSPX,0.8749327
2988-QRAJY,0.20294487
1585-MQSSU,0.61388534
0071-NDAFP,0.039570935
2856-NNASM,0.59209746
7328-ZJAJO,0.0015699489
6458-CYIDZ,0.21469037
8559-CIZFV,0.017701268
1090-PYKCI,0.008248228
3058-WQDRE,0.119865656
7547-EKNFS,0.36273643
2279-AXJJK,0.08820736
6769-DYBQN,0.854394
0909-SELIE,0.0043505225
3417-TSCIC,0.0043234993
1042-HFUCW,0.03209481
4439-JMPMT,0.8522265
6537-OTKMY,0.18293223
8999-EXMNO,0.0013038701
6725-TPKJO,0.00015434896
2446-BEGGB,0.94894946
7162-WPHPM,0.0011819804
1599-MMYRQ,0.0053446856
8821-KVZKQ,0.011397796
1496-GGSUK,0.7481819
6434-TTGJP,0.0030847816
0042-JVWOJ,0.0036717483
0130-SXOUN,0.13634078
2575-GFSOE,0.5312044
2330-PQGDQ,0.037167598
1452-UZOSF,0.0032677057
2097-YVPKN,0.0021395353
2842-JTCCU,0.32308972
8597-CTXVJ,0.0034634103
6631-HMANX,0.0032289603
9962-BFPDU,0.23435354
3296-SILRA,0.9663757
9681-OXGVC,0.9356396
6394-HHHZM,0.022855183
5995-LFTLE,0.015017026
5180-UCIIQ,0.1864446
1932-UEDCX,0.33812717
7153-OANIO,0.7722573
5188-HGMLP,0.05338105
0665-XHDJU,0.027943531
6521-YYTYI,0.9756202
8878-HMWBV,0.82365257
8265-HKSOW,0.0033348633
3544-FBCAS,0.0019904778
5331-RGMTT,0.52923787
4759-PXTAN,0.042951953
7054-DMVAS,0.0023629407
3428-MMGUB,0.036958676
6549-BTYPG,0.005352844
7823-JSOAG,0.55189794
3705-RHRFR,0.0114888325
9374-YOLBJ,0.073514804
9074-KGVOX,0.023898087
6128-DAFVY,0.2160241
9933-QRGTX,0.025798637
4476-OSWTN,0.087359376
3751-KTZEL,0.7060648
1977-STDKI,0.81465447
5066-GFJMM,0.096462354
2661-GKBTK,0.01108509
0458-HEUZG,0.015274584
7268-WNTCP,0.0008256586
0824-VWDPO,0.03391549
8409-WQJUX,0.025529541
2578-JQPHZ,0.0024652586
3278-FSIXX,0.4217737
5813-UECBU,0.5746819
0328-GRPMV,0.7854403
9746-UGFAC,0.021734748
2946-KIQSP,0.019586898
0625-AFOHS,0.00030575966
6726-WEXXK,0.07717809
4636-OLWOE,0.10038089
4342-HENTK,0.7709398
4685-ERGHK,0.0789389
0885-HMGPY,0.00017094775
5003-OKNNK,0.007712872
4195-SMMNX,0.26948828
7208-PSIHR,0.16391951
4012-ZTHBR,0.030085605
0489-WMEMG,0.123600535
7435-ZNUYY,0.0062935483
1354-YZFNB,0.0043305806
6956-SMUCM,0.94938767
2985-FMWYF,0.42668402
2812-ENYMO,0.02083492
2717-HVIZY,0.14991026
3223-WZWJM,0.70031494
3422-GALYP,0.72293705
9053-JZFKV,0.6241919
2530-ENDWQ,0.7998871
2890-WFBHU,0.043610156
0327-WFZSY,0.20697506
7977-HXJKU,0.0003921601
6615-ZGEDR,0.29026073
7033-CLAMM,0.011641198
4023-RTIQM,0.09119846
0864-FVJNJ,0.015834939
7356-IWLFW,0.10099278
9541-PWTWO,0.0007322919
3967-VQOGC,0.0014274054
7872-RDDLZ,0.018083928
9250-WYPLL,0.70150876
6308-CQRBU,0.08435544
2754-XBHTB,0.6239311
1597-LHYNC,0.9052217
0186-CAERR,0.19348468
3043-SUDUA,0.023160767
5442-BHQNG,0.36943623
2169-RRLFW,0.0015212789
5872-OEQNH,0.13087495
3162-KKZXO,0.37507433
7055-VKGDA,0.690209
0754-UKWQP,0.84286195
8873-GLDMH,0.64297616
5696-JVVQY,0.006067386
8946-BFWSG,0.0008970304
7493-TPUWZ,0.9499796
0547-HURJB,0.037623353
8904-OPDCK,0.09927638
8845-LWKGE,0.05047349
1577-HKTFG,0.5798202
8752-STIVR,0.9061256
0691-NIKRI,0.20316082
5022-JNQEQ,0.23901497
4558-FANTW,0.689209
3249-VHRIP,0.0028351166
3736-BLEPA,0.124386154
4701-LKOZD,0.00679636
6603-QWSPR,0.09695734
9921-QFQUL,0.08345175
1929-ZCBHE,0.061320744
4378-MYPGO,0.024892488
8651-ENBZX,0.78697264
4129-LYCOI,0.04409232
7798-JVXYM,0.08722935
8647-SDTWQ,0.14219753
2696-ECXKC,0.0065629804
2081-KJSQF,0.35603216
7623-TRNQN,0.47297916
3323-CPBWR,0.23557368
9330-IJWIO,0.8939888
3384-CTMSF,0.5428266
0902-RFHOF,0.000400291
9286-DOJGF,0.7346172
6048-QBXKL,0.26522195
9661-MHUMO,0.78640115
7718-RXDGG,0.29164112
1025-FALIX,0.09900167
3451-VAWLI,0.004228661
3407-QGWLG,0.022107592
1842-EZJMK,0.12448373
2347-WKKAE,0.24243422
8735-DCXNF,0.12314518
3214-IYUUQ,0.03335592
1936-UAFEH,0.037583213
3587-PMCOY,0.8334681
8079-XRJRS,0.02290111
1027-LKKQQ,0.0033220362
7148-XZPHA,0.061238963
8073-IJDCM,0.5211041
5309-TAIKL,0.034888744
6856-RAURS,0.37215722
8778-LMWTJ,0.4769527
9717-IOAAF,0.010669812
8884-ADFVN,0.8883134
2845-KDHVX,0.0016202189
0848-SOMKO,0.008112783
2720-WGKHP,0.89236003
6734-FQAJX,0.028791701
2869-ADAWR,0.51905787
1535-VTJOQ,0.0072247083
6368-TZZDT,0.00034763417
0943-ZQPXH,0.099945374
1293-BSEUN,0.00028672148
9894-EZEWG,0.89813644
1302-TPUBN,0.0044460804
7851-FLGGQ,0.53598344
0637-UBJRP,0.83014
0940-OUQEC,0.41748857
2378-VTKDH,0.44093418
0927-CNGRH,0.20327248
8608-OZTLB,0.085533015
2335-GSODA,0.009740399
1952-DVVSW,0.037165534
0702-PGIBZ,0.8808086
6656-GULJQ,0.0013160751
9853-JFZDU,0.05864061
1963-VAUKV,0.27070418
3777-XROBG,0.004634522
6994-FGRHH,0.024124399
4000-VGMQP,0.057432383
3999-WRNGR,0.14140704
3466-RITXD,0.63883287
2680-XKKNJ,0.005165469
3058-HJCUY,0.48714027
2974-GGUXS,0.19260055
7994-XIRTR,0.008945759
3259-FDWOY,0.37902105
2101-RANCD,0.24919803
7921-BEPCI,0.0009912777
0807-ZABDG,0.62518
8510-TMWYB,0.010124991
3258-ZKPAI,0.00912018
1428-IEDPR,0.10506657
5298-GSTLM,0.06628071
4450-YOOHP,0.47216138
6728-CZFEI,0.08670317
5748-RNCJT,0.63802147
3653-NCRDJ,0.00046672527
6121-TNHBO,0.012395057
5119-NZPTV,0.31315908
6519-ZHPXP,0.00994342
7739-LAXOG,0.5026282
3472-QPRCH,0.0056497627
8224-UAXBZ,0.11787549
9610-WCESF,0.05510052
9776-CLUJA,0.57553273
2486-WYVVE,0.16613697
3865-ZYKAD,0.05650925
1422-DGUBX,0.16625991
2999-AANRQ,0.007492333
8668-KNZTI,0.018663673
0480-KYJVA,0.0005426849
6034-ZRYCV,0.68974245
9746-YKGXB,0.013746379
3926-YZVVX,0.025556557
6000-UKLWI,8.295534e-05
2079-FBMZK,0.22481978
6332-FBZRI,0.006117334
2096-XOTMO,0.15160723
3266-FTKHB,0.0002889878
8221-EQDGL,0.019785598
2346-LOCWC,0.0018310908
6608-QQLVK,0.93607146
0298-XACET,0.0056035416
7560-QJAVJ,0.006540328
2995-YWTCD,0.016410096
3551-HUAZH,0.9354975
9137-UIYPG,0.067795984
2809-ZMYOQ,0.20802368
5084-OOVCJ,0.22738501
0254-WWRKD,0.017115854
7727-SHVZV,0.036988754
6302-JGYRJ,0.5082461
5339-PXDVH,0.28441182
2205-LPVGL,0.0097012995
8782-NUUOL,0.0056945374
3685-YLCMQ,0.7869731
7601-WFVZV,0.38335726
4609-KNNWG,0.0003030647
4868-AADLV,0.39057264
9529-OFXHY,0.36240596
8634-MPHTR,0.7216634
2669-QVCRG,0.11819831
2478-EEWWM,0.3348216
9174-IHETN,0.007383292
2233-TXSIU,0.013844039
9644-UMGQA,0.39262116
3256-EZDBI,0.2584981
8761-NSOBC,0.22094886
0419-YAAPX,0.26728645
8413-VONUO,0.71636575
0872-CASZJ,0.004051122
4726-DLWQN,0.033576466
8164-OCKUJ,0.0021986281
3094-JOJAI,0.08700489
9494-MRNYX,0.17448662
2599-CZABP,0.06042661
7945-PRBVF,0.003520085
4544-RXFMG,0.058621965
0859-YGKFW,0.106205
1150-FTQGN,0.02083981
9223-UCPVT,0.9864282
7196-LIWRH,0.0006886084
5448-VWNAM,0.038705125
1177-XZBJL,0.018702418
3518-FSTWG,0.006664264
9330-VOFSZ,0.02592279
4351-QLCSU,0.74343723
0939-EREMR,0.27473304
9389-ACWBI,0.45832917
5419-JPRRN,0.93994105
3644-QXEHN,0.21844378
2911-IJORQ,0.08451337
5921-NGYRH,0.009775352
2100-BDNSN,0.10913619
5998-DZLYR,0.032876544
0488-GSLFR,0.95338506
9318-NKNFC,0.6229059
3985-HOYPM,0.00458621
9728-FTTVZ,0.96066207
9548-LERKT,0.00020237765
6576-FBXOJ,0.3089857
4310-KEDTB,0.08640301
7254-IQWOZ,0.94384986
2474-BRUCM,0.645545
4062-HBMOS,0.33987448
0742-NXBGR,0.925409
2676-ISHSF,0.15639643
9236-NDUCW,0.017182892
4753-PADAS,0.083812766
6103-QCKFX,0.026255708
7781-EWARA,0.2588545
6110-OHIHY,0.7546696
7018-FPXHH,0.011973406
5889-LFOLL,0.8505002
5708-EVONK,0.040814854
8708-XPXHZ,0.5531331
0616-ATFGB,0.912434
0572-ZJKLT,0.0043488583
5135-RDDQL,0.013948618
1353-LJWEM,0.055929285
1794-SWWKL,0.03453304
6166-YIPFO,0.017823478
7016-BPGEU,0.20129967
6876-ADESB,0.8894824
9332-GYWLO,0.24849863
1963-SVUCV,0.82716584
4184-VODJZ,0.0526168
0220-EBGCE,0.8159131
1092-WPIVQ,0.0030066036
7233-IOQNP,0.036191285
2834-JKOOW,0.008947248
2754-VDLTR,0.7418699
2400-FEQME,0.001975838
3190-XFANI,0.37262535
7551-DACSP,0.6143197
4957-SREEC,0.00041056782
7235-NXZCP,0.775227
0230-UBYPQ,0.0025280735
4923-ADWXJ,0.026788937
1763-KUAAW,0.11876612
1104-TNLZA,0.27257562
5195-KPUNQ,0.012327743
0520-FDVVT,0.3269353
3439-GVUSX,0.31159225
1444-VVSGW,0.61529994
5712-PTIWW,0.6704265
5949-HGVJL,0.042214148
5203-XEHAX,0.047452345
1635-HDGFT,0.00053535786
3315-TOTBP,0.84444714
8050-XGRVL,0.017229136
6661-HBGWL,0.767388
1518-VOWAV,0.37280118
9828-QHFBK,0.12088744
3908-MKIMJ,0.02931903
5012-YSPJJ,0.057195514
5909-ECHUI,0.7081339
1309-BXVOQ,0.94281536
6728-VOIFY,0.21795805
9317-WZPGV,0.94233555
4891-NLUBA,0.0010909338
2856-HYAPG,0.941054
8969-PRHFK,0.000864916
0661-KQHNK,0.009579597
8709-KRDVL,0.284823
4488-PSYCG,0.45051563
1427-VERSM,0.06450917
9801-NOSHQ,0.00086178374
6339-YPSAH,0.48717993
3621-CEOVK,0.864682
6906-ANDWJ,0.7851752
2159-TURXX,0.0096126385
1548-FEHVL,0.10826887
3795-CAWEX,0.032348547
6215-NQCPY,0.4384006
5647-URDKA,0.0026131782
2229-DPMBI,0.0037827736
9626-WEQRM,0.18028635
2188-SXWVT,0.05656824
6258-PVZWJ,0.008826848
1094-BKOSX,0.06320176
6969-MVBAI,0.64475965
2978-XXSOG,0.30577555
2342-CKIAO,0.13239516
6953-PBDIN,0.031853333
3898-BSJYF,0.068681724
3938-YFPXD,0.0031408034
7696-AMHOD,0.018430442
2453-SAFNS,0.041197468
9558-IHEZX,0.023828112
9617-UDPEU,0.0024832026
6340-DACFT,0.001208624
4955-VCWBI,0.0002711182
6813-GZQCG,0.002353159
7426-GSWPO,0.06973338
3389-KTRXV,0.0058958093
3118-UHVVQ,0.002071069
1031-IIDEO,0.91831285
5832-XKAES,0.5291177
3205-MXZRA,0.015446691
4701-AHWMW,0.71398634
8317-BVKSO,0.030693546
5702-KVQRD,0.0033782015
0083-PIVIK,0.008427537
9210-IAHGH,0.62211746
6169-PGNCD,0.002976491
0023-XUOPT,0.8443304
4592-IWTJI,0.21230993
4909-JOUPP,0.020232677
4657-FWVFY,0.08822184
2257-BOVXD,0.11853471
7729-JTEEC,0.15229739
7632-MNYOY,0.74843264
6518-LGAOV,0.78132004
7242-QZLXF,0.76487595
4576-CSAJH,0.6045534
1000-AJSLD,0.59709007
9696-RMYBA,0.5145504
8690-UPCZI,0.017955158
1062-LHZOD,0.92866164
9770-LXDBK,0.1616263
4086-WITJG,0.00035401862
8344-WFMFH,0.17676716
9600-NAXZN,0.8873047
8822-KNBHV,0.09132574
8404-FYDIB,0.22955479
2791-SFVEW,0.23444754
6457-USBER,0.91318005
6762-NSODU,0.000100937155
4662-EKDPQ,0.59560245
9248-OJYKK,0.98909575
9888-ZCUMM,0.009923362
3398-FSHON,0.9889753
3319-DWOEP,0.7198842
1074-WVEVG,0.014186503
9979-RGMZT,0.09840756
6437-UDQJM,0.008932888
1226-IENZN,0.50056696
2108-GLPQB,0.14058404
9259-PACGQ,0.4071076
4415-IJZTP,0.95281523
1465-VINDH,0.93622774
5474-LAMUQ,0.00029129896
3468-DRVQJ,0.02377144
1122-YJBCS,0.0104299765
4990-ALDGW,0.016539171
4816-OKWNX,0.10750471
3315-IKYZQ,0.010119682
2810-FTLEM,0.5526384
4747-LCAQL,0.07172209
3411-WLRSQ,0.47135025
0898-XCGTF,0.24118447
8006-PYCSW,0.103465915
8249-THVEC,0.0002642623
8722-PRFDV,0.0025118196
2164-SOQXL,0.021269249
4020-KIUDI,0.15962382
5850-BDWCY,0.035503507
2038-YSEZE,0.020916801
0827-ITJPH,0.00058713794
8799-OXZMD,0.036389254
1925-TIBLE,0.88732487
1705-GUHPV,0.0010528213
4779-ZGICK,0.0035781972
0048-PIHNL,0.0050652414
0818-OCPZO,0.61304957
3967-KXAPS,0.0009042697
1447-GIQMR,0.95563763
3704-IEAXF,0.020183688
6810-VCAEX,0.042498507
0674-EYYZV,0.4425219
4480-MBMLB,0.14137404
1395-OFUWC,0.10675592
0822-QGCXA,0.22175916
0872-NXJYS,0.78896856
2832-KJCRD,0.11624319
3588-WSTTJ,0.40855753
4075-WKNIU,0.007984334
5090-EMGTC,0.0077995537
2346-CZYIL,0.0002985906
3798-EPWRR,0.39639103
6258-NGCNG,0.11831203
4186-ZBUEW,0.30695406
5274-XHAKY,0.18491003
1442-BQPVU,0.18518752
3978-YNKDD,0.0009666419
4940-KHCWD,0.006587674
9412-ARGBX,0.7085133
1389-CXMLU,0.59196967
9589-ABEPT,0.027417904
9388-ZEYVT,0.068365894
0305-SQECB,0.010170868
7605-SNLQG,0.15823922
4670-TABXH,0.057869505
5561-NWEVX,0.93854076
0064-SUDOG,0.002884073
8561-NMTBD,0.0162137
5161-XEUVX,0.008096636
8292-FRFZQ,0.06346773
8591-NXRCV,0.06792836
7895-VONWT,0.10240118
4526-RMTLL,0.002017095
6253-GNHWH,0.0032982375
4566-NECEV,0.41269967
8080-POTJR,0.040076196
6906-MPARY,0.029216278
3662-FXJFO,0.004509425
8107-RZLNV,0.0336914
0516-OOHAR,0.038479246
2027-CWDNU,0.1488585
2737-WFVYW,0.7817892
9912-OMZDS,0.17651582
3733-ZEECP,0.61127484
7878-RTCZG,0.40619275
2452-MRMZF,0.0010795735
2272-QAGFO,0.8764524
7103-IPXPJ,0.18275388
4342-HFXWS,0.16209261
3545-CNWRG,0.3794306
1785-BPHTP,0.21742061
4989-LIXVT,0.2015124
7315-WYOAW,0.82141775
1173-XZPYF,0.2834483
9850-OWRHQ,0.84408677
3768-NLUBH,0.57255185
8676-TRMJS,0.50859165
2509-TFPJU,0.00070968765
9530-GRMJG,0.014524477
6898-RBTLU,0.005625166
5481-NTDOH,0.03947036
2068-WWXQZ,0.00021997205
7359-SSBJK,0.59515685
2061-VVFST,0.047220893
0685-MLYYM,0.8145336
0749-IRGQE,0.1930974
2380-DAMQP,0.00794308
2256-YLYLP,0.031804085
1272-ILHFG,0.000915893
0164-XAIRP,0.001415903
5666-CYCYZ,0.38252863
4011-ARPHK,0.02581879
8182-PNAGI,0.36607414
6365-HITVU,0.001973374
7558-IMLMT,0.00031567126
9488-FYQAU,0.01680605
3590-TCXTB,0.15639643
6994-KERXL,0.34287637
7957-RYHQD,0.5997737
2180-DXNEG,0.9349064
1960-UOTYM,0.011921705
2740-JFBOK,0.17037576
6500-JVEGC,0.06181143
5515-AKOAJ,0.6601473
8976-OQHGT,0.45388103
5245-VDBUR,0.0019235107
6230-BSUXY,0.92845166
8469-SNFFH,0.0052951067
2144-ESWKO,0.009239401
1241-FPMOF,0.012468551
9928-BZVLZ,0.006155763
4114-QMKVN,0.016436903
2775-SEFEE,0.017898433
9003-CPATH,0.6342725
1754-GKYPY,0.3531729
5294-CDGWY,0.6352533
7956-XQWGU,0.034389924
1591-MQJTP,0.4032203
5295-PCJOO,0.6080652
2369-FEVNO,0.6516802
9863-JZAIC,0.4713556
7471-MQPOS,0.004961781
7660-HDPJV,0.96066207
5115-SQAAU,0.0007065463
9845-QOMAD,0.0033833731
7672-VFMXZ,0.10350052
9739-JLPQJ,0.0057469076
9916-AYHTC,0.00033626286
3855-ONCAR,0.2663147
1488-SYSFC,0.015286582
7931-PXHFC,0.64497244
3990-QYKBE,0.62971276
0970-QXPXW,0.23175065
3259-KNMRR,0.045256544
6120-RJKLU,0.09848293
9572-WUKSB,0.33121085
5893-KCLGT,0.0020038835
0076-LVEPS,0.020835452
3640-JQGJG,0.062176626
4919-MOAVT,0.4459294
1596-OQSPS,0.04156751
9867-XOBQA,0.0037637204
9546-KDTRB,0.17395774
3090-HAWSU,0.058236558
9820-RMCQV,0.3145337
3174-RKMOW,0.099596135
1760-CAZHT,0.0033669951
7839-QRKXN,0.69366974
8441-SHIPE,0.0015528381
5204-QZXPU,0.8760303
4597-ELFTS,0.44895032
1320-GVNHT,0.0500369
1047-RNXZV,0.00018195808
3541-ZNUHK,0.066932075
8450-JOVAH,0.571221
8725-JEDFD,0.065450184
7562-UXTPG,0.18431666
8071-SBTRN,0.06041876
1113-IUJYX,0.7962517
6668-CNMFP,0.21768034
5626-MGTUK,0.36073935
5681-LLOEI,0.0134323295
8212-DJRCH,0.09849752
4323-OHFOW,0.05885676
4933-BSAIP,0.0003335852
2030-BTZRO,0.0028748426
1116-DXXDF,0.0036001855
9274-CNFMO,0.75942695
7758-XKCBS,0.67078555
8992-JQYUN,0.84285486
6563-VNPMN,0.05382845
0617-AQNWT,0.5408911
2267-WTPYD,0.27796227
0270-THENM,0.0006744575
2446-PLQVO,0.6732507
4707-MAXGU,0.00070968765
2710-WYVXG,0.0019407314
3005-NFMTA,0.70492476
6300-BWMJX,0.048038024
8784-CGILN,0.8742851
5389-FFVKB,0.57478386
7009-LGECI,0.16712786
8444-WRIDW,0.12467155
5022-KVDQT,0.42767128
7976-CICYS,0.025465166
1036-GUDCL,0.022153508
2005-DWQZJ,0.01220355
8148-WOCMK,0.002544391
7815-PDTHL,0.0013028099
9451-LPGOO,0.82679486
9173-IVZVP,0.0035177108
9129-UXERG,0.30333388
3635-JBPSG,0.017646952
7964-ZRKKG,0.08971669
5868-YWPDW,0.7247195
6229-LSCKB,0.57859224
2025-JKFWI,0.9603927
4078-SAYYN,0.9890187
1724-IQWNM,0.41109157
8217-QYOHV,0.07358207
5546-QUERU,0.0013971572
9940-HPQPG,0.8522879
6897-UUBNU,0.0726534
6127-IYJOZ,0.5080438
6618-RYATB,0.9754284
8930-XOTDP,0.14052038
5916-QEWPT,0.5655516
5060-TQUQN,0.14847681
0531-XBKMM,0.0012533009
8465-SBRXP,0.052636698
2408-PSJVE,0.03163107
9079-YEXQJ,0.6651836
9700-ZCLOT,0.08935978
8738-JOKAR,0.021760937
4534-WGCIR,0.0029268097
1930-WNXSB,0.1654748
2685-SREOM,0.85041654
3508-CFVZL,0.0011443158
0402-CQAJN,0.7969224
6692-UDPJC,0.39075273
1273-MTETI,0.9045081
0657-DOGUM,0.31565765
5480-HPRRX,0.96180576
8792-AOROI,0.0040337844
0295-PPHDO,0.9965618
5146-YYFRZ,0.0036341476
1195-OIYEJ,0.9358918
5906-CVLHP,0.24588792
3452-SRFEG,0.23395802
4070-OKWVH,0.086917
5297-MDOIR,0.013960889
6369-MCAKO,0.01207495
4926-UMJZD,0.084203914
6848-HJTXY,0.0012447395
6341-AEVKX,0.3160341
4501-EQDRN,0.9867383
2990-HWIML,0.7923462
0682-USIXD,0.36578682
6976-BWGLQ,0.0015460536
7078-NVFAM,0.3287491
8065-QBYTO,0.0064866687
2133-TSRRM,0.080230266
7384-GHBPI,0.7946582
7603-USHJS,0.06793042
7234-FECYN,0.82958645
2511-ALLCS,0.0036869878
3191-CSNMG,0.6847692
7952-OBOYL,0.27388123
7470-DYNOE,0.033105336
7853-OETYL,0.18881162
1545-ACTAS,0.089897096
5876-HZVZM,0.56329715
1400-MMYXY,0.96210027
5126-RCXYW,0.0107288705
3085-QUOZK,0.3166359
2363-BJLSL,0.008596191
1956-YIFGE,0.29570758
3926-CUQZX,0.6695334
7921-LMDFQ,0.121096775
2925-MXLSX,0.015100708
5820-PTRYM,0.019695131
9609-BENEA,0.11178496
6211-WHMYA,0.100519866
4459-BBGHE,0.3513398
9945-PSVIP,0.0024959524
1041-RXHRA,0.3371518
1750-CSKKM,0.61597216
9108-EJFJP,0.279379
0530-IJVDB,0.15940711
0508-SQWPL,0.015055578
2215-ZAFGX,0.61661965
8213-TAZPM,0.05062277
7142-HVGBG,0.897664
1304-SEGFY,0.018749949
7242-EDTYC,0.000102000035
2904-GGUAZ,0.0034010962
8267-ZNYVZ,0.14703423
5136-GFPMB,0.12034104
2595-KIWPV,0.0015394696
5243-SAOTC,0.07225868
9398-MMQTO,0.301431
7619-PLRLP,0.042454112
6457-GIRWB,0.9484978
6508-NJYRO,0.0023667025
1450-SKCVI,0.57928437
4710-NKCAW,0.11610463
5306-BVTKJ,0.080047496
0357-NVCRI,0.044701435
5570-PTWEH,0.8523849
2371-KFUOG,0.25197437
0463-ZSDNT,0.046805944
6502-MJQAE,0.94121695
6257-DTAYD,0.047501218
4616-ULAOA,0.00836213
7693-LCKZL,0.783376
7746-AWNQW,0.055267777
5996-EBTKM,0.020833049
2758-RNWXS,0.11470179
2314-TNDJQ,0.013123247
2405-LBMUW,0.04059913
3454-JFUBC,0.00044059346
0032-PGELS,0.80074155
9039-ZVJDC,0.029885635
6797-LNAQX,0.009747959
9013-AQORL,0.12945788
2898-MRKPI,0.1221502
2750-BJLSB,0.14509329
3648-GZPHF,0.03932087
2075-RMJIK,0.19856675
9588-YRFHY,0.0070155915
6394-MFYNG,0.40926597
1564-NTYXF,0.78857464
9364-YKUVW,0.06595485
5392-AKEMH,0.16325586
2451-YMUXS,0.0012545813
3914-FDRHP,0.6036186
3078-ZKNTS,0.003996647
1024-KPRBB,0.12767665
4690-PKDQG,0.24304335
8155-IBNHG,0.55444986
0886-QGENL,0.8483105
9547-ITEFG,0.08961709
1264-FUHCX,0.14096367
7789-CRUVC,0.010327602
6598-KELSS,0.05423313
8739-WWKDU,0.8054543
8685-WHQPW,0.67983323
4745-LSPLO,0.49656639
8083-YTZES,0.7077706
7240-FQLHE,0.72053844
6664-FPDAC,0.6282423
9972-VAFJJ,0.079930976
0422-UXFAP,0.041896366
1904-WAJAA,0.010876053
5130-YPIRV,0.0018964363
2843-CQMEG,0.08608729
6439-PKTRR,0.016574351
5351-QESIO,0.20325056
0786-VSSUD,0.44592077
5568-DMXZS,0.137835
8468-FZTOE,0.0011216236
6633-SYEUS,0.057402033
6447-GORXK,0.039338104
6967-PEJLL,0.01442564
3976-BWUCK,0.4796231
5981-ZVXOT,0.060256977
1684-FLBGS,0.06814429
1389-WNUIB,0.021494774
0376-OIWME,0.0769117
3585-ISXZP,0.86218727
0218-QNVAS,0.010942053
6583-QGCSI,0.57500106
0804-YGEQV,0.0066237487
7164-BPTUT,0.0021394975
4174-LPGTI,0.06966058
2523-EWWZL,0.24736229
0928-XUTSN,0.046790686
2108-XWMPY,0.7067613
0052-YNYOT,0.005649361
6304-IJFSQ,0.24513222
9586-JGQKH,0.0148204565
4501-VCPFK,0.06395714
6075-SLNIL,0.22263081
9347-AERRL,0.00022504869
0093-XWZFY,0.7390956
2274-XUATA,0.015702818
1980-KXVPM,0.90664864
7703-ZEKEF,0.58236825
0723-DRCLG,0.9458637
5482-NUPNA,0.37969786
6691-CCIHA,0.007414726
1685-BQULA,0.054838188
9053-EJUNL,0.20246774
0666-UXTJO,0.62672377
1471-GIQKQ,0.04830585
4807-IZYOZ,0.0072546895
1122-JWTJW,0.85191345
9710-NJERN,0.0001799005
9837-FWLCH,0.104872994
1699-HPSBG,0.55064666
7203-OYKCT,0.059792306
1035-IPQPU,0.41463956
7398-LXGYX,0.16783175
2823-LKABH,0.22888479
8775-CEBBJ,0.39891994
0550-DCXLH,0.08740417
9281-CEDRU,0.0009529005
2235-DWLJU,0.46878135
0871-OPBXW,0.03736063
3605-JISKB,0.14653477
6894-LFHLY,0.9740258
9767-FFLEM,0.40907413
0639-TSIQW,0.62487555
8456-QDAVC,0.31720012
7750-EYXWZ,0.12753202
2569-WGERO,0.0012693717
6840-RESVB,0.04417999
2234-XADUH,0.032280155
4801-JZAZL,0.18092851
8361-LTMKD,0.90191704
3186-AJIEK,0.06319174
